nan,2.000000,1.777778,1.555556,1.333333,1.111111,0.888889,0.666667,0.444444,0.222222
1,    0.0097638000,    0.0130800000,    0.0140400000,    0.0145870000,    0.0149500000,    0.0151910000,    0.0153550000,    0.0154600000,    0.0155190000
2,    0.0100960000,    0.0135960000,    0.0146050000,    0.0151720000,    0.0155500000,    0.0158020000,    0.0159720000,    0.0160820000,    0.0161430000
3,    0.0100830000,    0.0136100000,    0.0146170000,    0.0151810000,    0.0155600000,    0.0158120000,    0.0159820000,    0.0160920000,    0.0161540000
4,    0.0100720000,    0.0136090000,    0.0146200000,    0.0151820000,    0.0155610000,    0.0158130000,    0.0159830000,    0.0160930000,    0.0161540000
5,    0.0100660000,    0.0136070000,    0.0146220000,    0.0151830000,    0.0155610000,    0.0158130000,    0.0159830000,    0.0160930000,    0.0161550000
6,    0.0100640000,    0.0136040000,    0.0146230000,    0.0151840000,    0.0155610000,    0.0158130000,    0.0159830000,    0.0160930000,    0.0161550000
7,    0.0101170000,    0.0136090000,    0.0146240000,    0.0151850000,    0.0155620000,    0.0158130000,    0.0159840000,    0.0160930000,    0.0161550000
8,    0.0144750000,    0.0174090000,    0.0186560000,    0.0193600000,    0.0198010000,    0.0200810000,    0.0202650000,    0.0203800000,    0.0204440000
9,    0.0154270000,    0.0182780000,    0.0195760000,    0.0203190000,    0.0207800000,    0.0210710000,    0.0212590000,    0.0213770000,    0.0214420000
10,    0.0170670000,    0.0197610000,    0.0211310000,    0.0219360000,    0.0224360000,    0.0227500000,    0.0229510000,    0.0230760000,    0.0231440000
11,    0.0177820000,    0.0204110000,    0.0218040000,    0.0226320000,    0.0231500000,    0.0234760000,    0.0236850000,    0.0238140000,    0.0238840000
12,    0.0184580000,    0.0210220000,    0.0224270000,    0.0232740000,    0.0238080000,    0.0241450000,    0.0243610000,    0.0244950000,    0.0245680000
13,    0.0196910000,    0.0221450000,    0.0235600000,    0.0244320000,    0.0249890000,    0.0253460000,    0.0255760000,    0.0257190000,    0.0257980000
14,    0.0202640000,    0.0226690000,    0.0240840000,    0.0249610000,    0.0255270000,    0.0258910000,    0.0261270000,    0.0262740000,    0.0263560000
15,    0.0208150000,    0.0231720000,    0.0245830000,    0.0254640000,    0.0260360000,    0.0264050000,    0.0266460000,    0.0267970000,    0.0268810000
16,    0.0213430000,    0.0236560000,    0.0250620000,    0.0259440000,    0.0265190000,    0.0268930000,    0.0271380000,    0.0272920000,    0.0273770000
17,    0.0218500000,    0.0241220000,    0.0255210000,    0.0264040000,    0.0269800000,    0.0273570000,    0.0276040000,    0.0277610000,    0.0278480000
18,    0.0223360000,    0.0245710000,    0.0259630000,    0.0268440000,    0.0274220000,    0.0278000000,    0.0280490000,    0.0282070000,    0.0282950000
19,    0.0228040000,    0.0250040000,    0.0263890000,    0.0272680000,    0.0278450000,    0.0282240000,    0.0284740000,    0.0286330000,    0.0287220000
20,    0.0232530000,    0.0254220000,    0.0268000000,    0.0276760000,    0.0282520000,    0.0286310000,    0.0288820000,    0.0290410000,    0.0291300000
21,    0.0236840000,    0.0258250000,    0.0271970000,    0.0280700000,    0.0286440000,    0.0290220000,    0.0292730000,    0.0294330000,    0.0295220000
22,    0.0240980000,    0.0262140000,    0.0275800000,    0.0284500000,    0.0290220000,    0.0293990000,    0.0296500000,    0.0298090000,    0.0298980000
23,    0.0244960000,    0.0265900000,    0.0279500000,    0.0288170000,    0.0293880000,    0.0297630000,    0.0300130000,    0.0301720000,    0.0302610000
24,    0.0248790000,    0.0269530000,    0.0283080000,    0.0291720000,    0.0297410000,    0.0301150000,    0.0303640000,    0.0305220000,    0.0306110000
25,    0.0252460000,    0.0273040000,    0.0286540000,    0.0295160000,    0.0300820000,    0.0304550000,    0.0307030000,    0.0308610000,    0.0309490000
26,    0.0256000000,    0.0276430000,    0.0289890000,    0.0298480000,    0.0304130000,    0.0307850000,    0.0310320000,    0.0311890000,    0.0312760000
27,    0.0259390000,    0.0279700000,    0.0293130000,    0.0301700000,    0.0307330000,    0.0311040000,    0.0313500000,    0.0315060000,    0.0315940000
28,    0.0262660000,    0.0282870000,    0.0296270000,    0.0304820000,    0.0310440000,    0.0314130000,    0.0316580000,    0.0318140000,    0.0319010000
29,    0.0265800000,    0.0285920000,    0.0299300000,    0.0307840000,    0.0313440000,    0.0317120000,    0.0319570000,    0.0321120000,    0.0321990000
30,    0.0268820000,    0.0288880000,    0.0302240000,    0.0310760000,    0.0316350000,    0.0320020000,    0.0322460000,    0.0324010000,    0.0324870000
31,    0.0271730000,    0.0291730000,    0.0305070000,    0.0313580000,    0.0319170000,    0.0322830000,    0.0325260000,    0.0326810000,    0.0327670000
32,    0.0274520000,    0.0294480000,    0.0307810000,    0.0316320000,    0.0321890000,    0.0325550000,    0.0327970000,    0.0329510000,    0.0330370000
33,    0.0277210000,    0.0297140000,    0.0310460000,    0.0318960000,    0.0324530000,    0.0328180000,    0.0330600000,    0.0332140000,    0.0332990000
34,    0.0279790000,    0.0299710000,    0.0313020000,    0.0321510000,    0.0327070000,    0.0330720000,    0.0333130000,    0.0334670000,    0.0335520000
35,    0.0282270000,    0.0302180000,    0.0315490000,    0.0323970000,    0.0329530000,    0.0333170000,    0.0335580000,    0.0337110000,    0.0337970000
36,    0.0284660000,    0.0304560000,    0.0317860000,    0.0326340000,    0.0331890000,    0.0335530000,    0.0337940000,    0.0339470000,    0.0340320000
37,    0.0286950000,    0.0306840000,    0.0320140000,    0.0328620000,    0.0334170000,    0.0337810000,    0.0340210000,    0.0341740000,    0.0342590000
38,    0.0289140000,    0.0309040000,    0.0322340000,    0.0330810000,    0.0336360000,    0.0339990000,    0.0342400000,    0.0343920000,    0.0344770000
39,    0.0291240000,    0.0311140000,    0.0324440000,    0.0332910000,    0.0338450000,    0.0342090000,    0.0344490000,    0.0346020000,    0.0346860000
40,    0.0293250000,    0.0313150000,    0.0326450000,    0.0334920000,    0.0340460000,    0.0344090000,    0.0346490000,    0.0348020000,    0.0348870000