nan,2.000000,1.777778,1.555556,1.333333,1.111111,0.888889,0.666667,0.444444,0.222222
1,    0.0161400000,    0.0216220000,    0.0232090000,    0.0241140000,    0.0247130000,    0.0251120000,    0.0253820000,    0.0255560000,    0.0256540000
2,    0.0166890000,    0.0224750000,    0.0241420000,    0.0250800000,    0.0257050000,    0.0261210000,    0.0264030000,    0.0265840000,    0.0266860000
3,    0.0166680000,    0.0224970000,    0.0241630000,    0.0250960000,    0.0257220000,    0.0261380000,    0.0264200000,    0.0266010000,    0.0267030000
4,    0.0166500000,    0.0224960000,    0.0241670000,    0.0250970000,    0.0257230000,    0.0261390000,    0.0264210000,    0.0266020000,    0.0267040000
5,    0.0166400000,    0.0224940000,    0.0241710000,    0.0250980000,    0.0257230000,    0.0261400000,    0.0264210000,    0.0266030000,    0.0267050000
6,    0.0166360000,    0.0224880000,    0.0241730000,    0.0251000000,    0.0257240000,    0.0261400000,    0.0264210000,    0.0266030000,    0.0267050000
7,    0.0167250000,    0.0224970000,    0.0241750000,    0.0251020000,    0.0257250000,    0.0261410000,    0.0264220000,    0.0266030000,    0.0267050000
8,    0.0239270000,    0.0287780000,    0.0308400000,    0.0320030000,    0.0327320000,    0.0331960000,    0.0334990000,    0.0336900000,    0.0337960000
9,    0.0255020000,    0.0302150000,    0.0323600000,    0.0335880000,    0.0343510000,    0.0348320000,    0.0351430000,    0.0353380000,    0.0354460000
10,    0.0282130000,    0.0326660000,    0.0349310000,    0.0362610000,    0.0370890000,    0.0376080000,    0.0379400000,    0.0381460000,    0.0382590000
11,    0.0293940000,    0.0337410000,    0.0360430000,    0.0374120000,    0.0382690000,    0.0388080000,    0.0391520000,    0.0393660000,    0.0394820000
12,    0.0305130000,    0.0347500000,    0.0370730000,    0.0384730000,    0.0393550000,    0.0399130000,    0.0402700000,    0.0404910000,    0.0406120000
13,    0.0325510000,    0.0366060000,    0.0389470000,    0.0403870000,    0.0413090000,    0.0418980000,    0.0422780000,    0.0425160000,    0.0426460000
14,    0.0334980000,    0.0374730000,    0.0398120000,    0.0412630000,    0.0421970000,    0.0427990000,    0.0431890000,    0.0434330000,    0.0435680000
15,    0.0344080000,    0.0383040000,    0.0406370000,    0.0420940000,    0.0430380000,    0.0436490000,    0.0440480000,    0.0442980000,    0.0444360000
16,    0.0352810000,    0.0391040000,    0.0414280000,    0.0428880000,    0.0438380000,    0.0444550000,    0.0448600000,    0.0451150000,    0.0452560000
17,    0.0361190000,    0.0398740000,    0.0421880000,    0.0436470000,    0.0446000000,    0.0452220000,    0.0456320000,    0.0458910000,    0.0460340000
18,    0.0369230000,    0.0406170000,    0.0429190000,    0.0443750000,    0.0453300000,    0.0459550000,    0.0463670000,    0.0466280000,    0.0467740000
19,    0.0376960000,    0.0413330000,    0.0436230000,    0.0450760000,    0.0460290000,    0.0466560000,    0.0470700000,    0.0473330000,    0.0474790000
20,    0.0384380000,    0.0420240000,    0.0443020000,    0.0457500000,    0.0467020000,    0.0473280000,    0.0477430000,    0.0480070000,    0.0481540000
21,    0.0391510000,    0.0426900000,    0.0449580000,    0.0464010000,    0.0473500000,    0.0479750000,    0.0483900000,    0.0486540000,    0.0488010000
22,    0.0398360000,    0.0433340000,    0.0455910000,    0.0470290000,    0.0479760000,    0.0485990000,    0.0490120000,    0.0492760000,    0.0494230000
23,    0.0404940000,    0.0439550000,    0.0462030000,    0.0476360000,    0.0485790000,    0.0492010000,    0.0496130000,    0.0498760000,    0.0500230000
24,    0.0411260000,    0.0445560000,    0.0467950000,    0.0482230000,    0.0491630000,    0.0497820000,    0.0501930000,    0.0504550000,    0.0506010000
25,    0.0417340000,    0.0451350000,    0.0473670000,    0.0487910000,    0.0497280000,    0.0503450000,    0.0507540000,    0.0510150000,    0.0511610000
26,    0.0423180000,    0.0456950000,    0.0479210000,    0.0493410000,    0.0502750000,    0.0508890000,    0.0512970000,    0.0515570000,    0.0517020000
27,    0.0428790000,    0.0462370000,    0.0484570000,    0.0498730000,    0.0508040000,    0.0514170000,    0.0518230000,    0.0520820000,    0.0522260000
28,    0.0434190000,    0.0467600000,    0.0489750000,    0.0503880000,    0.0513170000,    0.0519280000,    0.0523320000,    0.0525900000,    0.0527340000
29,    0.0439380000,    0.0472650000,    0.0494760000,    0.0508870000,    0.0518140000,    0.0524230000,    0.0528260000,    0.0530830000,    0.0532260000
30,    0.0444370000,    0.0477530000,    0.0499610000,    0.0513700000,    0.0522950000,    0.0529020000,    0.0533040000,    0.0535610000,    0.0537030000
31,    0.0449180000,    0.0482250000,    0.0504300000,    0.0518370000,    0.0527600000,    0.0533660000,    0.0537680000,    0.0540230000,    0.0541650000
32,    0.0453800000,    0.0486800000,    0.0508840000,    0.0522890000,    0.0532110000,    0.0538160000,    0.0542160000,    0.0544710000,    0.0546130000
33,    0.0458240000,    0.0491200000,    0.0513210000,    0.0527250000,    0.0536460000,    0.0542500000,    0.0546500000,    0.0549040000,    0.0550460000
34,    0.0462510000,    0.0495430000,    0.0517440000,    0.0531470000,    0.0540670000,    0.0546700000,    0.0550690000,    0.0553230000,    0.0554640000
35,    0.0466620000,    0.0499520000,    0.0521520000,    0.0535540000,    0.0544730000,    0.0550750000,    0.0554740000,    0.0557270000,    0.0558680000
36,    0.0470560000,    0.0503450000,    0.0525440000,    0.0539450000,    0.0548640000,    0.0554660000,    0.0558640000,    0.0561170000,    0.0562580000
37,    0.0474340000,    0.0507230000,    0.0529220000,    0.0543220000,    0.0552400000,    0.0558420000,    0.0562390000,    0.0564920000,    0.0566330000
38,    0.0477960000,    0.0510860000,    0.0532840000,    0.0546850000,    0.0556020000,    0.0562030000,    0.0566000000,    0.0568530000,    0.0569930000
39,    0.0481440000,    0.0514330000,    0.0536320000,    0.0550320000,    0.0559490000,    0.0565490000,    0.0569460000,    0.0571980000,    0.0573390000
40,    0.0484760000,    0.0517660000,    0.0539650000,    0.0553640000,    0.0562810000,    0.0568810000,    0.0572780000,    0.0575300000,    0.0576700000