-1,0,1
2.781500,0.069409,0.073682
2.682161,0.070275,0.073536
2.582822,0.070750,0.074021
2.483482,0.070769,0.074041
2.384143,0.070743,0.074013
2.284804,0.070693,0.073961
2.185465,0.070629,0.073893
2.086125,0.070548,0.073807
1.986786,0.070451,0.073705
1.887447,0.070337,0.073585
1.788107,0.070203,0.073444
1.688768,0.070047,0.073280
1.589429,0.069867,0.073092
1.490089,0.069661,0.072874
1.390750,0.069422,0.072622
1.291411,0.069146,0.072333
1.192071,0.068826,0.071996
1.092732,0.068453,0.071605
0.993393,0.068016,0.071145
0.894054,0.067499,0.070601
0.794714,0.066882,0.069954
0.695375,0.066142,0.069176
0.596036,0.065238,0.068227
0.496696,0.064116,0.067048
0.397357,0.062688,0.065546
0.298018,0.060791,0.063555
0.198679,0.058099,0.060712
0.099339,0.053421,0.055811
0.000000,0.045482,0.048373
