nan,2.781500,2.682161,2.582822,2.483482,2.384143,2.284804,2.185465,2.086125,1.986786,1.887447,1.788107,1.688768,1.589429,1.490089,1.390750,1.291411,1.192071,1.092732,0.993393,0.894054,0.794714,0.695375,0.596036,0.496696,0.397357,0.298018,0.198679,0.099339,0.000000
1,    0.0000000000,    0.0000000000,    0.0000000000,    0.0000000000,    0.0000000000,    0.0000000000,    0.0000000000,    0.0000000000,    0.0000000000,    0.0000000000,    0.0000000000,    0.0000000000,    0.0000000000,    0.0000000000,    0.0000000000,    0.0000000000,    0.0000000000,    0.0000000000,    0.0000000000,    0.0000000000,    0.0000000000,    0.0000000000,    0.0000000000,    0.0000000000,    0.0000000000,    0.0000000000,    0.0000000000,    0.0000000000,    0.0000000000
2,    0.0000000000,    0.0000000000,    0.0000000000,    0.0000000000,    0.0000000000,    0.0000000000,    0.0000000000,    0.0000000000,    0.0000000000,    0.0000000000,    0.0000000000,    0.0000000000,    0.0000000000,    0.0000000000,    0.0000000000,    0.0000000000,    0.0000000000,    0.0000000000,    0.0000000000,    0.0000000000,    0.0000000000,    0.0000000000,    0.0000000000,    0.0000000000,    0.0000000000,    0.0000000000,    0.0000000000,    0.0000000000,    0.0000000000
3,    0.0000000000,    0.0000000000,    0.0000000000,    0.0000000000,    0.0000000000,    0.0000000000,    0.0000000000,    0.0000000000,    0.0000000000,    0.0000000000,    0.0000000000,    0.0000000000,    0.0000000000,    0.0000000000,    0.0000000000,    0.0000000000,    0.0000000000,    0.0000000000,    0.0000000000,    0.0000000000,    0.0000000000,    0.0000000000,    0.0000000000,    0.0000000000,    0.0000000000,    0.0000000000,    0.0000000000,    0.0000000000,    0.0000000000
4,    0.0000000000,    0.0000000000,    0.0000000000,    0.0000000000,    0.0000000000,    0.0000000000,    0.0000000000,    0.0000000000,    0.0000000000,    0.0000000000,    0.0000000000,    0.0000000000,    0.0000000000,    0.0000000000,    0.0000000000,    0.0000000000,    0.0000000000,    0.0000000000,    0.0000000000,    0.0000000000,    0.0000000000,    0.0000000000,    0.0000000000,    0.0000000000,    0.0000000000,    0.0000000000,    0.0000000000,    0.0000000000,    0.0000000000
5,    0.0000000000,    0.0000000000,    0.0000000000,    0.0000000000,    0.0000000000,    0.0000000000,    0.0000000000,    0.0000000000,    0.0000000000,    0.0000000000,    0.0000000000,    0.0000000000,    0.0000000000,    0.0000000000,    0.0000000000,    0.0000000000,    0.0000000000,    0.0000000000,    0.0000000000,    0.0000000000,    0.0000000000,    0.0000000000,    0.0000000000,    0.0000000000,    0.0000000000,    0.0000000000,    0.0000000000,    0.0000000000,    0.0000000000
6,    0.0000000000,    0.0000000000,    0.0000000000,    0.0000000000,    0.0000000000,    0.0000000000,    0.0000000000,    0.0000000000,    0.0000000000,    0.0000000000,    0.0000000000,    0.0000000000,    0.0000000000,    0.0000000000,    0.0000000000,    0.0000000000,    0.0000000000,    0.0000000000,    0.0000000000,    0.0000000000,    0.0000000000,    0.0000000000,    0.0000000000,    0.0000000000,    0.0000000000,    0.0000000000,    0.0000000000,    0.0000000000,    0.0000000000
7,    0.0000000000,    0.0000000000,    0.0000000000,    0.0000000000,    0.0000000000,    0.0000000000,    0.0000000000,    0.0000000000,    0.0000000000,    0.0000000000,    0.0000000000,    0.0000000000,    0.0000000000,    0.0000000000,    0.0000000000,    0.0000000000,    0.0000000000,    0.0000000000,    0.0000000000,    0.0000000000,    0.0000000000,    0.0000000000,    0.0000000000,    0.0000000000,    0.0000000000,    0.0000000000,    0.0000000000,    0.0000000000,    0.0000000000
8,    0.0000000000,    0.0000000000,    0.0000000000,    0.0000000000,    0.0000000000,    0.0000000000,    0.0000000000,    0.0000000000,    0.0000000000,    0.0000000000,    0.0000000000,    0.0000000000,    0.0000000000,    0.0000000000,    0.0000000000,    0.0000000000,    0.0000000000,    0.0000000000,    0.0000000000,    0.0000000000,    0.0000000000,    0.0000000000,    0.0000000000,    0.0000000000,    0.0000000000,    0.0000000000,    0.0000000000,    0.0000000000,    0.0000000000
9,    0.0000000000,    0.0000000000,    0.0000000000,    0.0000000000,    0.0000000000,    0.0000000000,    0.0000000000,    0.0000000000,    0.0000000000,    0.0000000000,    0.0000000000,    0.0000000000,    0.0000000000,    0.0000000000,    0.0000000000,    0.0000000000,    0.0000000000,    0.0000000000,    0.0000000000,    0.0000000000,    0.0000000000,    0.0000000000,    0.0000000000,    0.0000000000,    0.0000000000,    0.0000000000,    0.0000000000,    0.0000000000,    0.0000000000
10,    0.0000000000,    0.0000000000,    0.0000000000,    0.0000000000,    0.0000000000,    0.0000000000,    0.0000000000,    0.0000000000,    0.0000000000,    0.0000000000,    0.0000000000,    0.0000000000,    0.0000000000,    0.0000000000,    0.0000000000,    0.0000000000,    0.0000000000,    0.0000000000,    0.0000000000,    0.0000000000,    0.0000000000,    0.0000000000,    0.0000000000,    0.0000000000,    0.0000000000,    0.0000000000,    0.0000000000,    0.0000000000,    0.0000000000
11,    0.0000000000,    0.0000000000,    0.0000000000,    0.0000000000,    0.0000000000,    0.0000000000,    0.0000000000,    0.0000000000,    0.0000000000,    0.0000000000,    0.0000000000,    0.0000000000,    0.0000000000,    0.0000000000,    0.0000000000,    0.0000000000,    0.0000000000,    0.0000000000,    0.0000000000,    0.0000000000,    0.0000000000,    0.0000000000,    0.0000000000,    0.0000000000,    0.0000000000,    0.0000000000,    0.0000000000,    0.0000000000,    0.0000000000
12,    0.0000000000,    0.0000000000,    0.0000000000,    0.0000000000,    0.0000000000,    0.0000000000,    0.0000000000,    0.0000000000,    0.0000000000,    0.0000000000,    0.0000000000,    0.0000000000,    0.0000000000,    0.0000000000,    0.0000000000,    0.0000000000,    0.0000000000,    0.0000000000,    0.0000000000,    0.0000000000,    0.0000000000,    0.0000000000,    0.0000000000,    0.0000000000,    0.0000000000,    0.0000000000,    0.0000000000,    0.0000000000,    0.0000000000
13,    0.0000000000,    0.0000000000,    0.0000000000,    0.0000000000,    0.0000000000,    0.0000000000,    0.0000000000,    0.0000000000,    0.0000000000,    0.0000000000,    0.0000000000,    0.0000000000,    0.0000000000,    0.0000000000,    0.0000000000,    0.0000000000,    0.0000000000,    0.0000000000,    0.0000000000,    0.0000000000,    0.0000000000,    0.0000000000,    0.0000000000,    0.0000000000,    0.0000000000,    0.0000000000,    0.0000000000,    0.0000000000,    0.0000000000
14,    0.0000000000,    0.0000000000,    0.0000000000,    0.0000000000,    0.0000000000,    0.0000000000,    0.0000000000,    0.0000000000,    0.0000000000,    0.0000000000,    0.0000000000,    0.0000000000,    0.0000000000,    0.0000000000,    0.0000000000,    0.0000000000,    0.0000000000,    0.0000000000,    0.0000000000,    0.0000000000,    0.0000000000,    0.0000000000,    0.0000000000,    0.0000000000,    0.0000000000,    0.0000000000,    0.0000000000,    0.0000000000,    0.0000000000
15,    0.0000000000,    0.0000000000,    0.0000000000,    0.0000000000,    0.0000000000,    0.0000000000,    0.0000000000,    0.0000000000,    0.0000000000,    0.0000000000,    0.0000000000,    0.0000000000,    0.0000000000,    0.0000000000,    0.0000000000,    0.0000000000,    0.0000000000,    0.0000000000,    0.0000000000,    0.0000000000,    0.0000000000,    0.0000000000,    0.0000000000,    0.0000000000,    0.0000000000,    0.0000000000,    0.0000000000,    0.0000000000,    0.0000000000
16,    0.0000000000,    0.0000000000,    0.0000000000,    0.0000000000,    0.0000000000,    0.0000000000,    0.0000000000,    0.0000000000,    0.0000000000,    0.0000000000,    0.0000000000,    0.0000000000,    0.0000000000,    0.0000000000,    0.0000000000,    0.0000000000,    0.0000000000,    0.0000000000,    0.0000000000,    0.0000000000,    0.0000000000,    0.0000000000,    0.0000000000,    0.0000000000,    0.0000000000,    0.0000000000,    0.0000000000,    0.0000000000,    0.0000000000
17,    0.0000000000,    0.0000000000,    0.0000000000,    0.0000000000,    0.0000000000,    0.0000000000,    0.0000000000,    0.0000000000,    0.0000000000,    0.0000000000,    0.0000000000,    0.0000000000,    0.0000000000,    0.0000000000,    0.0000000000,    0.0000000000,    0.0000000000,    0.0000000000,    0.0000000000,    0.0000000000,    0.0000000000,    0.0000000000,    0.0000000000,    0.0000000000,    0.0000000000,    0.0000000000,    0.0000000000,    0.0000000000,    0.0000000000
18,    0.0000000000,    0.0000000000,    0.0000000000,    0.0000000000,    0.0000000000,    0.0000000000,    0.0000000000,    0.0000000000,    0.0000000000,    0.0000000000,    0.0000000000,    0.0000000000,    0.0000000000,    0.0000000000,    0.0000000000,    0.0000000000,    0.0000000000,    0.0000000000,    0.0000000000,    0.0000000000,    0.0000000000,    0.0000000000,    0.0000000000,    0.0000000000,    0.0000000000,    0.0000000000,    0.0000000000,    0.0000000000,    0.0000000000
19,    0.0000000000,    0.0000000000,    0.0000000000,    0.0000000000,    0.0000000000,    0.0000000000,    0.0000000000,    0.0000000000,    0.0000000000,    0.0000000000,    0.0000000000,    0.0000000000,    0.0000000000,    0.0000000000,    0.0000000000,    0.0000000000,    0.0000000000,    0.0000000000,    0.0000000000,    0.0000000000,    0.0000000000,    0.0000000000,    0.0000000000,    0.0000000000,    0.0000000000,    0.0000000000,    0.0000000000,    0.0000000000,    0.0000000000
20,    0.0000000000,    0.0000000000,    0.0000000000,    0.0000000000,    0.0000000000,    0.0000000000,    0.0000000000,    0.0000000000,    0.0000000000,    0.0000000000,    0.0000000000,    0.0000000000,    0.0000000000,    0.0000000000,    0.0000000000,    0.0000000000,    0.0000000000,    0.0000000000,    0.0000000000,    0.0000000000,    0.0000000000,    0.0000000000,    0.0000000000,    0.0000000000,    0.0000000000,    0.0000000000,    0.0000000000,    0.0000000000,    0.0000000000