nan,2.781500,2.682161,2.582822,2.483482,2.384143,2.284804,2.185465,2.086125,1.986786,1.887447,1.788107,1.688768,1.589429,1.490089,1.390750,1.291411,1.192071,1.092732,0.993393,0.894054,0.794714,0.695375,0.596036,0.496696,0.397357,0.298018,0.198679,0.099339,0.000000
1,    0.0758920000,    0.0744250000,    0.0748310000,    0.0748560000,    0.0748340000,    0.0747800000,    0.0747110000,    0.0746260000,    0.0745230000,    0.0744020000,    0.0742600000,    0.0740960000,    0.0739060000,    0.0736860000,    0.0734330000,    0.0731420000,    0.0728030000,    0.0724080000,    0.0719450000,    0.0713990000,    0.0707480000,    0.0699660000,    0.0690140000,    0.0678350000,    0.0663380000,    0.0643810000,    0.0616260000,    0.0574640000,    0.0421780000
2,    0.0792080000,    0.0776310000,    0.0780250000,    0.0780640000,    0.0780380000,    0.0779820000,    0.0779100000,    0.0778210000,    0.0777140000,    0.0775880000,    0.0774400000,    0.0772680000,    0.0770690000,    0.0768400000,    0.0765760000,    0.0762720000,    0.0759180000,    0.0755060000,    0.0750220000,    0.0744520000,    0.0737730000,    0.0729560000,    0.0719620000,    0.0707310000,    0.0691690000,    0.0671210000,    0.0642640000,    0.0598490000,    0.0437820000
3,    0.0793200000,    0.0777340000,    0.0781240000,    0.0781640000,    0.0781380000,    0.0780820000,    0.0780100000,    0.0779210000,    0.0778140000,    0.0776870000,    0.0775390000,    0.0773670000,    0.0771680000,    0.0769380000,    0.0766730000,    0.0763690000,    0.0760140000,    0.0756010000,    0.0751180000,    0.0745460000,    0.0738660000,    0.0730480000,    0.0720520000,    0.0708190000,    0.0692550000,    0.0672030000,    0.0643460000,    0.0599100000,    0.0438220000
4,    0.0793480000,    0.0777600000,    0.0781490000,    0.0781900000,    0.0781640000,    0.0781080000,    0.0780360000,    0.0779460000,    0.0778390000,    0.0777120000,    0.0775640000,    0.0773920000,    0.0771930000,    0.0769630000,    0.0766990000,    0.0763940000,    0.0760390000,    0.0756260000,    0.0751420000,    0.0745700000,    0.0738900000,    0.0730710000,    0.0720750000,    0.0708420000,    0.0692770000,    0.0672240000,    0.0643660000,    0.0599270000,    0.0438690000
5,    0.0793650000,    0.0777770000,    0.0781650000,    0.0782050000,    0.0781790000,    0.0781230000,    0.0780510000,    0.0779620000,    0.0778550000,    0.0777280000,    0.0775800000,    0.0774070000,    0.0772080000,    0.0769790000,    0.0767140000,    0.0764090000,    0.0760540000,    0.0756410000,    0.0751570000,    0.0745850000,    0.0739040000,    0.0730850000,    0.0720890000,    0.0708550000,    0.0692900000,    0.0672360000,    0.0643790000,    0.0599430000,    0.0439290000
6,    0.0793770000,    0.0777900000,    0.0781780000,    0.0782180000,    0.0781920000,    0.0781360000,    0.0780640000,    0.0779740000,    0.0778670000,    0.0777400000,    0.0775920000,    0.0774200000,    0.0772210000,    0.0769910000,    0.0767260000,    0.0764210000,    0.0760660000,    0.0756530000,    0.0751680000,    0.0745960000,    0.0739150000,    0.0730970000,    0.0721000000,    0.0708660000,    0.0693000000,    0.0672460000,    0.0643890000,    0.0599610000,    0.0439950000
7,    0.0776220000,    0.0778180000,    0.0781860000,    0.0782340000,    0.0782070000,    0.0781520000,    0.0780810000,    0.0779930000,    0.0778870000,    0.0777620000,    0.0776160000,    0.0774460000,    0.0772490000,    0.0770220000,    0.0767580000,    0.0764530000,    0.0760980000,    0.0756850000,    0.0752010000,    0.0746280000,    0.0739470000,    0.0731280000,    0.0721310000,    0.0708960000,    0.0693300000,    0.0672750000,    0.0644140000,    0.0600060000,    0.0441380000
8,    0.0772860000,    0.0778360000,    0.0782170000,    0.0782550000,    0.0782300000,    0.0781760000,    0.0781050000,    0.0780170000,    0.0779110000,    0.0777860000,    0.0776400000,    0.0774690000,    0.0772730000,    0.0770450000,    0.0767810000,    0.0764770000,    0.0761220000,    0.0757090000,    0.0752240000,    0.0746520000,    0.0739700000,    0.0731510000,    0.0721530000,    0.0709180000,    0.0693500000,    0.0672950000,    0.0644310000,    0.0600630000,    0.0443130000
9,    0.0773830000,    0.0778700000,    0.0782280000,    0.0782690000,    0.0782450000,    0.0781900000,    0.0781200000,    0.0780310000,    0.0779250000,    0.0778000000,    0.0776530000,    0.0774810000,    0.0772830000,    0.0770540000,    0.0767900000,    0.0764850000,    0.0761300000,    0.0757170000,    0.0752320000,    0.0746600000,    0.0739780000,    0.0731600000,    0.0721620000,    0.0709270000,    0.0693600000,    0.0673040000,    0.0644420000,    0.0601050000,    0.0444200000
10,    0.0781410000,    0.0779500000,    0.0782270000,    0.0782680000,    0.0782440000,    0.0781910000,    0.0781220000,    0.0780350000,    0.0779320000,    0.0778100000,    0.0776660000,    0.0774990000,    0.0773060000,    0.0770810000,    0.0768200000,    0.0765170000,    0.0761620000,    0.0757490000,    0.0752640000,    0.0746900000,    0.0740080000,    0.0731870000,    0.0721880000,    0.0709510000,    0.0693820000,    0.0673230000,    0.0644640000,    0.0601510000,    0.0444850000
11,    0.0823650000,    0.0778610000,    0.0782180000,    0.0782710000,    0.0782440000,    0.0781890000,    0.0781180000,    0.0780310000,    0.0779250000,    0.0778010000,    0.0776560000,    0.0774870000,    0.0772920000,    0.0770650000,    0.0768040000,    0.0764990000,    0.0761450000,    0.0757320000,    0.0752470000,    0.0746740000,    0.0739930000,    0.0731740000,    0.0721760000,    0.0709410000,    0.0693740000,    0.0673160000,    0.0644600000,    0.0601910000,    0.0444750000
12,    0.0829490000,    0.0778590000,    0.0782270000,    0.0782710000,    0.0782450000,    0.0781910000,    0.0781210000,    0.0780330000,    0.0779290000,    0.0778050000,    0.0776610000,    0.0774930000,    0.0772980000,    0.0770730000,    0.0768110000,    0.0765080000,    0.0761540000,    0.0757410000,    0.0752560000,    0.0746840000,    0.0740020000,    0.0731830000,    0.0721860000,    0.0709500000,    0.0693830000,    0.0673240000,    0.0644750000,    0.0601940000,    0.0443480000
13,    0.0833360000,    0.0778600000,    0.0782300000,    0.0782720000,    0.0782470000,    0.0781930000,    0.0781230000,    0.0780350000,    0.0779310000,    0.0778070000,    0.0776630000,    0.0774950000,    0.0773000000,    0.0770750000,    0.0768140000,    0.0765100000,    0.0761560000,    0.0757430000,    0.0752580000,    0.0746860000,    0.0740040000,    0.0731850000,    0.0721870000,    0.0709510000,    0.0693850000,    0.0673250000,    0.0644830000,    0.0601690000,    0.0442390000
14,    0.0836010000,    0.0778620000,    0.0782330000,    0.0782750000,    0.0782500000,    0.0781950000,    0.0781250000,    0.0780370000,    0.0779330000,    0.0778090000,    0.0776650000,    0.0774970000,    0.0773020000,    0.0770760000,    0.0768150000,    0.0765110000,    0.0761580000,    0.0757440000,    0.0752600000,    0.0746870000,    0.0740060000,    0.0731860000,    0.0721890000,    0.0709530000,    0.0693860000,    0.0673280000,    0.0644900000,    0.0601480000,    0.0441770000
15,    0.0837910000,    0.0778630000,    0.0782350000,    0.0782770000,    0.0782520000,    0.0781970000,    0.0781270000,    0.0780390000,    0.0779350000,    0.0778110000,    0.0776660000,    0.0774980000,    0.0773040000,    0.0770780000,    0.0768170000,    0.0765130000,    0.0761590000,    0.0757460000,    0.0752610000,    0.0746890000,    0.0740070000,    0.0731880000,    0.0721900000,    0.0709540000,    0.0693880000,    0.0673310000,    0.0644960000,    0.0601320000,    0.0441420000
16,    0.0839310000,    0.0778650000,    0.0782370000,    0.0782780000,    0.0782530000,    0.0781990000,    0.0781280000,    0.0780410000,    0.0779360000,    0.0778130000,    0.0776680000,    0.0775000000,    0.0773050000,    0.0770790000,    0.0768180000,    0.0765140000,    0.0761600000,    0.0757470000,    0.0752620000,    0.0746900000,    0.0740080000,    0.0731890000,    0.0721910000,    0.0709550000,    0.0693890000,    0.0673330000,    0.0644990000,    0.0601200000,    0.0441230000
17,    0.0840370000,    0.0778660000,    0.0782390000,    0.0782800000,    0.0782550000,    0.0782010000,    0.0781300000,    0.0780420000,    0.0779380000,    0.0778140000,    0.0776690000,    0.0775010000,    0.0773060000,    0.0770810000,    0.0768190000,    0.0765150000,    0.0761610000,    0.0757480000,    0.0752630000,    0.0746910000,    0.0740090000,    0.0731900000,    0.0721920000,    0.0709560000,    0.0693910000,    0.0673360000,    0.0645010000,    0.0601110000,    0.0441120000
18,    0.0841200000,    0.0778680000,    0.0782400000,    0.0782820000,    0.0782560000,    0.0782020000,    0.0781310000,    0.0780440000,    0.0779390000,    0.0778150000,    0.0776710000,    0.0775020000,    0.0773080000,    0.0770820000,    0.0768200000,    0.0765160000,    0.0761620000,    0.0757490000,    0.0752640000,    0.0746920000,    0.0740100000,    0.0731910000,    0.0721930000,    0.0709570000,    0.0693920000,    0.0673380000,    0.0645010000,    0.0601050000,    0.0441060000
19,    0.0841840000,    0.0778690000,    0.0782420000,    0.0782830000,    0.0782580000,    0.0782030000,    0.0781320000,    0.0780450000,    0.0779400000,    0.0778160000,    0.0776720000,    0.0775030000,    0.0773080000,    0.0770830000,    0.0768210000,    0.0765170000,    0.0761630000,    0.0757500000,    0.0752650000,    0.0746920000,    0.0740110000,    0.0731910000,    0.0721940000,    0.0709580000,    0.0693940000,    0.0673400000,    0.0644990000,    0.0600970000,    0.0441000000
20,    0.0842350000,    0.0778700000,    0.0782430000,    0.0782840000,    0.0782590000,    0.0782040000,    0.0781330000,    0.0780460000,    0.0779410000,    0.0778170000,    0.0776720000,    0.0775040000,    0.0773090000,    0.0770830000,    0.0768220000,    0.0765180000,    0.0761640000,    0.0757510000,    0.0752660000,    0.0746930000,    0.0740110000,    0.0731920000,    0.0721940000,    0.0709590000,    0.0693950000,    0.0673400000,    0.0644960000,    0.0600900000,    0.0440960000