0.051972, 12.152944, 2.110080, 2.770304, 0
0.028728, 12.152058, 2.110080, 2.731830, 0
0.006494, 12.151172, 2.110080, 2.693356, 0
0.049666, 12.136793, 2.110080, 2.770304, 0
0.027471, 12.136039, 2.110080, 2.731830, 0
0.006207, 12.135286, 2.110080, 2.693356, 0
0.047684, 12.120642, 2.110080, 2.770304, 0
0.026393, 12.120021, 2.110080, 2.731830, 0
0.005960, 12.119401, 2.110080, 2.693356, 0
0.058042, 12.191672, 2.110080, 2.770304, 0
0.032027, 12.190551, 2.110080, 2.731830, 0
0.007255, 12.189430, 2.110080, 2.693356, 0
0.055479, 12.176819, 2.110080, 2.770304, 0
0.030630, 12.175784, 2.110080, 2.731830, 0
0.006933, 12.174748, 2.110080, 2.693356, 0
0.053312, 12.161966, 2.110080, 2.770304, 0
0.029451, 12.161016, 2.110080, 2.731830, 0
0.006661, 12.160067, 2.110080, 2.693356, 0
0.064853, 12.227280, 2.110080, 2.770304, 0
0.035726, 12.226009, 2.110080, 2.731830, 0
0.008109, 12.224738, 2.110080, 2.693356, 0
0.061924, 12.213624, 2.110080, 2.770304, 0
0.034130, 12.212408, 2.110080, 2.731830, 0
0.007741, 12.211191, 2.110080, 2.693356, 0
0.059488, 12.199968, 2.110080, 2.770304, 0
0.032806, 12.198806, 2.110080, 2.731830, 0
0.007435, 12.197644, 2.110080, 2.693356, 0
0.072957, 12.260017, 2.110080, 2.770304, 0
0.040108, 12.258662, 2.110080, 2.731830, 0
0.009119, 12.257306, 2.110080, 2.693356, 0
0.069384, 12.247462, 2.110080, 2.770304, 0
0.038163, 12.246137, 2.110080, 2.731830, 0
0.008672, 12.244811, 2.110080, 2.693356, 0
0.066469, 12.234907, 2.110080, 2.770304, 0
0.036582, 12.233612, 2.110080, 2.731830, 0
0.008308, 12.232316, 2.110080, 2.693356, 0
0.083470, 12.290116, 2.110080, 2.770304, 0
0.045760, 12.288731, 2.110080, 2.731830, 0
0.010422, 12.287346, 2.110080, 2.693356, 0
0.078706, 12.278573, 2.110080, 2.770304, 0
0.043169, 12.277197, 2.110080, 2.731830, 0
0.009828, 12.275821, 2.110080, 2.693356, 0
0.074923, 12.267030, 2.110080, 2.770304, 0
0.041121, 12.265663, 2.110080, 2.731830, 0
0.009357, 12.264296, 2.110080, 2.693356, 0
0.098119, 12.317790, 2.110080, 2.770304, 0
0.053597, 12.316426, 2.110080, 2.731830, 0
0.012242, 12.315061, 2.110080, 2.693356, 0
0.091353, 12.307177, 2.110080, 2.770304, 0
0.049919, 12.305802, 2.110080, 2.731830, 0
0.011393, 12.304428, 2.110080, 2.693356, 0
0.086148, 12.296564, 2.110080, 2.770304, 0
0.047106, 12.295179, 2.110080, 2.731830, 0
0.010743, 12.293794, 2.110080, 2.693356, 0
0.119120, 12.343235, 2.110080, 2.770304, 0
0.064827, 12.341936, 2.110080, 2.731830, 0
0.014883, 12.340638, 2.110080, 2.693356, 0
0.109353, 12.333477, 2.110080, 2.770304, 0
0.059524, 12.332151, 2.110080, 2.731830, 0
0.013642, 12.330825, 2.110080, 2.693356, 0
0.102085, 12.323718, 2.110080, 2.770304, 0
0.055601, 12.322365, 2.110080, 2.731830, 0
0.012723, 12.321011, 2.110080, 2.693356, 0
0.148998, 12.366632, 2.110080, 2.770304, 0
0.080933, 12.365441, 2.110080, 2.731830, 0
0.018724, 12.364249, 2.110080, 2.693356, 0
0.135161, 12.357659, 2.110080, 2.770304, 0
0.073421, 12.356424, 2.110080, 2.731830, 0
0.016936, 12.355189, 2.110080, 2.693356, 0
0.125196, 12.348685, 2.110080, 2.770304, 0
0.068036, 12.347408, 2.110080, 2.731830, 0
0.015649, 12.346129, 2.110080, 2.693356, 0
0.190788, 12.388146, 2.110080, 2.770304, 0
0.103936, 12.387100, 2.110080, 2.731830, 0
0.024221, 12.386054, 2.110080, 2.693356, 0
0.171653, 12.379895, 2.110080, 2.770304, 0
0.093523, 12.378792, 2.110080, 2.731830, 0
0.021717, 12.377687, 2.110080, 2.693356, 0
0.158421, 12.371644, 2.110080, 2.770304, 0
0.086328, 12.370483, 2.110080, 2.731830, 0
0.019972, 12.369321, 2.110080, 2.693356, 0
0.245875, 12.407931, 2.110080, 2.770304, 0
0.135436, 12.407065, 2.110080, 2.731830, 0
0.031630, 12.406200, 2.110080, 2.693356, 0
0.221655, 12.400343, 2.110080, 2.770304, 0
0.122003, 12.399406, 2.110080, 2.731830, 0
0.028417, 12.398469, 2.110080, 2.693356, 0
0.205981, 12.392755, 2.110080, 2.770304, 0
0.113247, 12.391747, 2.110080, 2.731830, 0
0.026291, 12.390738, 2.110080, 2.693356, 0
0.295609, 12.426125, 2.110080, 2.770304, 0
0.165826, 12.425472, 2.110080, 2.731830, 0
0.038241, 12.424819, 2.110080, 2.693356, 0
0.278284, 12.419147, 2.110080, 2.770304, 0
0.155795, 12.418410, 2.110080, 2.731830, 0
0.035999, 12.417674, 2.110080, 2.693356, 0
0.268572, 12.412169, 2.110080, 2.770304, 0
0.149933, 12.411349, 2.110080, 2.731830, 0
0.034709, 12.410528, 2.110080, 2.693356, 0
-0.054445, 12.458279, 2.110080, 2.770304, 0
-0.029998, 12.458239, 2.110080, 2.731830, 0
-0.006720, 12.458199, 2.110080, 2.693356, 0
0.024542, 12.452367, 2.110080, 2.770304, 0
0.015228, 12.452189, 2.110080, 2.731830, 0
0.003539, 12.452011, 2.110080, 2.693356, 0
-0.012084, 12.446454, 2.110080, 2.770304, 0
-0.004116, 12.446139, 2.110080, 2.731830, 0
-0.001257, 12.445824, 2.110080, 2.693356, 0
0.173635, 12.442866, 2.110080, 2.770304, 0
0.100978, 12.442480, 2.110080, 2.731830, 0
0.022809, 12.442094, 2.110080, 2.693356, 0
0.260899, 12.436445, 2.110080, 2.770304, 0
0.150254, 12.435953, 2.110080, 2.731830, 0
0.033671, 12.435461, 2.110080, 2.693356, 0
0.297159, 12.430024, 2.110080, 2.770304, 0
0.172235, 12.429426, 2.110080, 2.731830, 0
0.038371, 12.428829, 2.110080, 2.693356, 0
0.011579, 12.153081, 1.858880, 2.770304, 0
0.012280, 12.136913, 1.858880, 2.770304, 0
0.013104, 12.120746, 1.858880, 2.770304, 0
0.006227, 12.152665, 1.858880, 2.731830, 0
0.006623, 12.136572, 1.858880, 2.731830, 0
0.007087, 12.120480, 1.858880, 2.731830, 0
0.001335, 12.152248, 1.858880, 2.693356, 0
0.001424, 12.136231, 1.858880, 2.693356, 0
0.001528, 12.120213, 1.858880, 2.693356, 0
0.010817, 12.191832, 1.858880, 2.770304, 0
0.011556, 12.176971, 1.858880, 2.770304, 0
0.012415, 12.162110, 1.858880, 2.770304, 0
0.005827, 12.191264, 1.858880, 2.731830, 0
0.006244, 12.176460, 1.858880, 2.731830, 0
0.006729, 12.161656, 1.858880, 2.731830, 0
0.001250, 12.190696, 1.858880, 2.693356, 0
0.001344, 12.175949, 1.858880, 2.693356, 0
0.001453, 12.161201, 1.858880, 2.693356, 0
0.009860, 12.227453, 1.858880, 2.770304, 0
0.010618, 12.213793, 1.858880, 2.770304, 0
0.011478, 12.200132, 1.858880, 2.770304, 0
0.005330, 12.226776, 1.858880, 2.731830, 0
0.005760, 12.213156, 1.858880, 2.731830, 0
0.006247, 12.199535, 1.858880, 2.731830, 0
0.001146, 12.226099, 1.858880, 2.693356, 0
0.001243, 12.212519, 1.858880, 2.693356, 0
0.001353, 12.198939, 1.858880, 2.693356, 0
0.008708, 12.260195, 1.858880, 2.770304, 0
0.009466, 12.247638, 1.858880, 2.770304, 0
0.010293, 12.235081, 1.858880, 2.770304, 0
0.004737, 12.259450, 1.858880, 2.731830, 0
0.005169, 12.246918, 1.858880, 2.731830, 0
0.005640, 12.234386, 1.858880, 2.731830, 0
0.001023, 12.258705, 1.858880, 2.693356, 0
0.001121, 12.246198, 1.858880, 2.693356, 0
0.001228, 12.233691, 1.858880, 2.693356, 0
0.007390, 12.290294, 1.858880, 2.770304, 0
0.008118, 12.278751, 1.858880, 2.770304, 0
0.008878, 12.267208, 1.858880, 2.770304, 0
0.004057, 12.289517, 1.858880, 2.731830, 0
0.004476, 12.277985, 1.858880, 2.731830, 0
0.004914, 12.266453, 1.858880, 2.731830, 0
0.000883, 12.288740, 1.858880, 2.693356, 0
0.000979, 12.277219, 1.858880, 2.693356, 0
0.001080, 12.265697, 1.858880, 2.693356, 0
0.005967, 12.317962, 1.858880, 2.770304, 0
0.006634, 12.307351, 1.858880, 2.770304, 0
0.007304, 12.296740, 1.858880, 2.770304, 0
0.003316, 12.317187, 1.858880, 2.731830, 0
0.003706, 12.306574, 1.858880, 2.731830, 0
0.004096, 12.295961, 1.858880, 2.731830, 0
0.000729, 12.316412, 1.858880, 2.693356, 0
0.000820, 12.305797, 1.858880, 2.693356, 0
0.000910, 12.295181, 1.858880, 2.693356, 0
0.004532, 12.343397, 1.858880, 2.770304, 0
0.005111, 12.333642, 1.858880, 2.770304, 0
0.005675, 12.323888, 1.858880, 2.770304, 0
0.002558, 12.342655, 1.858880, 2.731830, 0
0.002900, 12.332886, 1.858880, 2.731830, 0
0.003232, 12.323118, 1.858880, 2.731830, 0
0.000571, 12.341913, 1.858880, 2.693356, 0
0.000651, 12.332131, 1.858880, 2.693356, 0
0.000729, 12.322348, 1.858880, 2.693356, 0
0.003197, 12.366781, 1.858880, 2.770304, 0
0.003667, 12.357813, 1.858880, 2.770304, 0
0.004119, 12.348845, 1.858880, 2.770304, 0
0.001836, 12.366100, 1.858880, 2.731830, 0
0.002118, 12.357107, 1.858880, 2.731830, 0
0.002389, 12.348114, 1.858880, 2.731830, 0
0.000416, 12.365420, 1.858880, 2.693356, 0
0.000484, 12.356402, 1.858880, 2.693356, 0
0.000548, 12.347384, 1.858880, 2.693356, 0
0.002060, 12.388278, 1.858880, 2.770304, 0
0.002416, 12.380034, 1.858880, 2.770304, 0
0.002759, 12.371789, 1.858880, 2.770304, 0
0.001206, 12.387686, 1.858880, 2.731830, 0
0.001423, 12.379406, 1.858880, 2.731830, 0
0.001631, 12.371127, 1.858880, 2.731830, 0
0.000278, 12.387093, 1.858880, 2.693356, 0
0.000331, 12.378778, 1.858880, 2.693356, 0
0.000381, 12.370464, 1.858880, 2.693356, 0
0.001189, 12.408043, 1.858880, 2.770304, 0
0.001434, 12.400463, 1.858880, 2.770304, 0
0.001676, 12.392883, 1.858880, 2.770304, 0
0.000710, 12.407562, 1.858880, 2.731830, 0
0.000862, 12.399938, 1.858880, 2.731830, 0
0.001011, 12.392314, 1.858880, 2.731830, 0
0.000167, 12.407081, 1.858880, 2.693356, 0
0.000205, 12.399413, 1.858880, 2.693356, 0
0.000241, 12.391744, 1.858880, 2.693356, 0
0.000611, 12.426214, 1.858880, 2.770304, 0
0.000753, 12.419245, 1.858880, 2.770304, 0
0.000901, 12.412276, 1.858880, 2.770304, 0
0.000372, 12.425867, 1.858880, 2.731830, 0
0.000463, 12.418845, 1.858880, 2.731830, 0
0.000557, 12.411824, 1.858880, 2.731830, 0
0.000089, 12.425520, 1.858880, 2.693356, 0
0.000112, 12.418446, 1.858880, 2.693356, 0
0.000136, 12.411371, 1.858880, 2.693356, 0
0.000323, 12.442922, 1.858880, 2.770304, 0
0.000373, 12.436514, 1.858880, 2.770304, 0
0.000434, 12.430106, 1.858880, 2.770304, 0
0.000197, 12.442729, 1.858880, 2.731830, 0
0.000233, 12.436261, 1.858880, 2.731830, 0
0.000276, 12.429792, 1.858880, 2.731830, 0
0.000047, 12.442537, 1.858880, 2.693356, 0
0.000057, 12.436008, 1.858880, 2.693356, 0
0.000069, 12.429479, 1.858880, 2.693356, 0
0.000189, 12.458285, 1.858880, 2.770304, 0
0.000228, 12.452393, 1.858880, 2.770304, 0
0.000252, 12.446501, 1.858880, 2.770304, 0
0.000134, 12.458266, 1.858880, 2.731830, 0
0.000146, 12.452305, 1.858880, 2.731830, 0
0.000157, 12.446346, 1.858880, 2.731830, 0
0.000035, 12.458246, 1.858880, 2.693356, 0
0.000036, 12.452218, 1.858880, 2.693356, 0
0.000038, 12.446190, 1.858880, 2.693356, 0
-0.019306, 12.153081, 1.959360, 2.770304, 0
-0.010881, 12.152665, 1.959360, 2.731830, 0
-0.002454, 12.152248, 1.959360, 2.693356, 0
-0.019452, 12.136913, 1.959360, 2.770304, 0
-0.010962, 12.136572, 1.959360, 2.731830, 0
-0.002472, 12.136231, 1.959360, 2.693356, 0
-0.019770, 12.120746, 1.959360, 2.770304, 0
-0.011140, 12.120480, 1.959360, 2.731830, 0
-0.002512, 12.120213, 1.959360, 2.693356, 0
-0.018446, 12.191832, 1.959360, 2.770304, 0
-0.010400, 12.191264, 1.959360, 2.731830, 0
-0.002346, 12.190696, 1.959360, 2.693356, 0
-0.018674, 12.176971, 1.959360, 2.770304, 0
-0.010528, 12.176460, 1.959360, 2.731830, 0
-0.002375, 12.175949, 1.959360, 2.693356, 0
-0.019110, 12.162110, 1.959360, 2.770304, 0
-0.010771, 12.161656, 1.959360, 2.731830, 0
-0.002429, 12.161201, 1.959360, 2.693356, 0
-0.017402, 12.227453, 1.959360, 2.770304, 0
-0.009815, 12.226776, 1.959360, 2.731830, 0
-0.002216, 12.226099, 1.959360, 2.693356, 0
-0.017686, 12.213793, 1.959360, 2.770304, 0
-0.009975, 12.213156, 1.959360, 2.731830, 0
-0.002251, 12.212519, 1.959360, 2.693356, 0
-0.018202, 12.200132, 1.959360, 2.770304, 0
-0.010264, 12.199535, 1.959360, 2.731830, 0
-0.002316, 12.198939, 1.959360, 2.693356, 0
-0.016252, 12.260195, 1.959360, 2.770304, 0
-0.009170, 12.259450, 1.959360, 2.731830, 0
-0.002071, 12.258705, 1.959360, 2.693356, 0
-0.016575, 12.247638, 1.959360, 2.770304, 0
-0.009352, 12.246918, 1.959360, 2.731830, 0
-0.002112, 12.246198, 1.959360, 2.693356, 0
-0.017126, 12.235081, 1.959360, 2.770304, 0
-0.009661, 12.234386, 1.959360, 2.731830, 0
-0.002181, 12.233691, 1.959360, 2.693356, 0
-0.015000, 12.290294, 1.959360, 2.770304, 0
-0.008467, 12.289517, 1.959360, 2.731830, 0
-0.001913, 12.288740, 1.959360, 2.693356, 0
-0.015391, 12.278751, 1.959360, 2.770304, 0
-0.008686, 12.277985, 1.959360, 2.731830, 0
-0.001962, 12.277219, 1.959360, 2.693356, 0
-0.015958, 12.267208, 1.959360, 2.770304, 0
-0.009005, 12.266453, 1.959360, 2.731830, 0
-0.002034, 12.265697, 1.959360, 2.693356, 0
-0.013559, 12.317962, 1.959360, 2.770304, 0
-0.007662, 12.317187, 1.959360, 2.731830, 0
-0.001733, 12.316412, 1.959360, 2.693356, 0
-0.014078, 12.307351, 1.959360, 2.770304, 0
-0.007951, 12.306574, 1.959360, 2.731830, 0
-0.001798, 12.305797, 1.959360, 2.693356, 0
-0.014681, 12.296740, 1.959360, 2.770304, 0
-0.008288, 12.295961, 1.959360, 2.731830, 0
-0.001873, 12.295181, 1.959360, 2.693356, 0
-0.011773, 12.343397, 1.959360, 2.770304, 0
-0.006663, 12.342655, 1.959360, 2.731830, 0
-0.001510, 12.341913, 1.959360, 2.693356, 0
-0.012487, 12.333642, 1.959360, 2.770304, 0
-0.007061, 12.332886, 1.959360, 2.731830, 0
-0.001599, 12.332131, 1.959360, 2.693356, 0
-0.013188, 12.323888, 1.959360, 2.770304, 0
-0.007454, 12.323118, 1.959360, 2.731830, 0
-0.001687, 12.322348, 1.959360, 2.693356, 0
-0.009535, 12.366781, 1.959360, 2.770304, 0
-0.005410, 12.366100, 1.959360, 2.731830, 0
-0.001229, 12.365420, 1.959360, 2.693356, 0
-0.010463, 12.357813, 1.959360, 2.770304, 0
-0.005929, 12.357107, 1.959360, 2.731830, 0
-0.001346, 12.356402, 1.959360, 2.693356, 0
-0.011315, 12.348845, 1.959360, 2.770304, 0
-0.006406, 12.348114, 1.959360, 2.731830, 0
-0.001453, 12.347384, 1.959360, 2.693356, 0
-0.006945, 12.388278, 1.959360, 2.770304, 0
-0.003953, 12.387686, 1.959360, 2.731830, 0
-0.000901, 12.387093, 1.959360, 2.693356, 0
-0.008004, 12.380034, 1.959360, 2.770304, 0
-0.004549, 12.379406, 1.959360, 2.731830, 0
-0.001036, 12.378778, 1.959360, 2.693356, 0
-0.008984, 12.371789, 1.959360, 2.770304, 0
-0.005101, 12.371127, 1.959360, 2.731830, 0
-0.001160, 12.370464, 1.959360, 2.693356, 0
-0.004339, 12.408043, 1.959360, 2.770304, 0
-0.002477, 12.407562, 1.959360, 2.731830, 0
-0.000567, 12.407081, 1.959360, 2.693356, 0
-0.005358, 12.400463, 1.959360, 2.770304, 0
-0.003055, 12.399938, 1.959360, 2.731830, 0
-0.000698, 12.399413, 1.959360, 2.693356, 0
-0.006352, 12.392883, 1.959360, 2.770304, 0
-0.003618, 12.392314, 1.959360, 2.731830, 0
-0.000826, 12.391744, 1.959360, 2.693356, 0
-0.002219, 12.426214, 1.959360, 2.770304, 0
-0.001268, 12.425867, 1.959360, 2.731830, 0
-0.000291, 12.425520, 1.959360, 2.693356, 0
-0.002988, 12.419245, 1.959360, 2.770304, 0
-0.001707, 12.418845, 1.959360, 2.731830, 0
-0.000391, 12.418446, 1.959360, 2.693356, 0
-0.003802, 12.412276, 1.959360, 2.770304, 0
-0.002172, 12.411824, 1.959360, 2.731830, 0
-0.000497, 12.411371, 1.959360, 2.693356, 0
-0.000964, 12.442922, 1.959360, 2.770304, 0
-0.000546, 12.442729, 1.959360, 2.731830, 0
-0.000124, 12.442537, 1.959360, 2.693356, 0
-0.001359, 12.436514, 1.959360, 2.770304, 0
-0.000774, 12.436261, 1.959360, 2.731830, 0
-0.000177, 12.436008, 1.959360, 2.693356, 0
-0.001847, 12.430106, 1.959360, 2.770304, 0
-0.001054, 12.429792, 1.959360, 2.731830, 0
-0.000242, 12.429479, 1.959360, 2.693356, 0
-0.000748, 12.458285, 1.959360, 2.770304, 0
-0.000419, 12.458266, 1.959360, 2.731830, 0
-0.000095, 12.458246, 1.959360, 2.693356, 0
-0.000699, 12.452393, 1.959360, 2.770304, 0
-0.000393, 12.452305, 1.959360, 2.731830, 0
-0.000089, 12.452218, 1.959360, 2.693356, 0
-0.000855, 12.446501, 1.959360, 2.770304, 0
-0.000483, 12.446346, 1.959360, 2.731830, 0
-0.000110, 12.446190, 1.959360, 2.693356, 0
0.033454, 12.153081, 2.009600, 2.770304, 0
0.018819, 12.152665, 2.009600, 2.731830, 0
0.004237, 12.152248, 2.009600, 2.693356, 0
0.032465, 12.136913, 2.009600, 2.770304, 0
0.018266, 12.136572, 2.009600, 2.731830, 0
0.004114, 12.136231, 2.009600, 2.693356, 0
0.031719, 12.120746, 2.009600, 2.770304, 0
0.017849, 12.120480, 2.009600, 2.731830, 0
0.004020, 12.120213, 2.009600, 2.693356, 0
0.035588, 12.191832, 2.009600, 2.770304, 0
0.020011, 12.191264, 2.009600, 2.731830, 0
0.004505, 12.190696, 2.009600, 2.693356, 0
0.034652, 12.176971, 2.009600, 2.770304, 0
0.019488, 12.176460, 2.009600, 2.731830, 0
0.004388, 12.175949, 2.009600, 2.693356, 0
0.033989, 12.162110, 2.009600, 2.770304, 0
0.019117, 12.161656, 2.009600, 2.731830, 0
0.004304, 12.161201, 2.009600, 2.693356, 0
0.037345, 12.227453, 2.009600, 2.770304, 0
0.020995, 12.226776, 2.009600, 2.731830, 0
0.004726, 12.226099, 2.009600, 2.693356, 0
0.036562, 12.213793, 2.009600, 2.770304, 0
0.020556, 12.213156, 2.009600, 2.731830, 0
0.004628, 12.212519, 2.009600, 2.693356, 0
0.036069, 12.200132, 2.009600, 2.770304, 0
0.020279, 12.199535, 2.009600, 2.731830, 0
0.004565, 12.198939, 2.009600, 2.693356, 0
0.038292, 12.260195, 2.009600, 2.770304, 0
0.021531, 12.259450, 2.009600, 2.731830, 0
0.004849, 12.258705, 2.009600, 2.693356, 0
0.037862, 12.247638, 2.009600, 2.770304, 0
0.021287, 12.246918, 2.009600, 2.731830, 0
0.004793, 12.246198, 2.009600, 2.693356, 0
0.037700, 12.235081, 2.009600, 2.770304, 0
0.021194, 12.234386, 2.009600, 2.731830, 0
0.004771, 12.233691, 2.009600, 2.693356, 0
0.037809, 12.290294, 2.009600, 2.770304, 0
0.021275, 12.289517, 2.009600, 2.731830, 0
0.004797, 12.288740, 2.009600, 2.693356, 0
0.038011, 12.278751, 2.009600, 2.770304, 0
0.021381, 12.277985, 2.009600, 2.731830, 0
0.004818, 12.277219, 2.009600, 2.693356, 0
0.038400, 12.267208, 2.009600, 2.770304, 0
0.021594, 12.266453, 2.009600, 2.731830, 0
0.004864, 12.265697, 2.009600, 2.693356, 0
0.035277, 12.317962, 2.009600, 2.770304, 0
0.019878, 12.317187, 2.009600, 2.731830, 0
0.004491, 12.316412, 2.009600, 2.693356, 0
0.036366, 12.307351, 2.009600, 2.770304, 0
0.020478, 12.306574, 2.009600, 2.731830, 0
0.004622, 12.305797, 2.009600, 2.693356, 0
0.037516, 12.296740, 2.009600, 2.770304, 0
0.021115, 12.295961, 2.009600, 2.731830, 0
0.004762, 12.295181, 2.009600, 2.693356, 0
0.030446, 12.343397, 2.009600, 2.770304, 0
0.017192, 12.342655, 2.009600, 2.731830, 0
0.003895, 12.341913, 2.009600, 2.693356, 0
0.032488, 12.333642, 2.009600, 2.770304, 0
0.018328, 12.332886, 2.009600, 2.731830, 0
0.004147, 12.332131, 2.009600, 2.693356, 0
0.034464, 12.323888, 2.009600, 2.770304, 0
0.019429, 12.323118, 2.009600, 2.731830, 0
0.004392, 12.322348, 2.009600, 2.693356, 0
0.023763, 12.366781, 2.009600, 2.770304, 0
0.013450, 12.366100, 2.009600, 2.731830, 0
0.003058, 12.365420, 2.009600, 2.693356, 0
0.026509, 12.357813, 2.009600, 2.770304, 0
0.014989, 12.357107, 2.009600, 2.731830, 0
0.003402, 12.356402, 2.009600, 2.693356, 0
0.029122, 12.348845, 2.009600, 2.770304, 0
0.016454, 12.348114, 2.009600, 2.731830, 0
0.003731, 12.347384, 2.009600, 2.693356, 0
0.016374, 12.388278, 2.009600, 2.770304, 0
0.009289, 12.387686, 2.009600, 2.731830, 0
0.002120, 12.387093, 2.009600, 2.693356, 0
0.019302, 12.380034, 2.009600, 2.770304, 0
0.010939, 12.379406, 2.009600, 2.731830, 0
0.002492, 12.378778, 2.009600, 2.693356, 0
0.022122, 12.371789, 2.009600, 2.770304, 0
0.012529, 12.371127, 2.009600, 2.731830, 0
0.002851, 12.370464, 2.009600, 2.693356, 0
0.009629, 12.408043, 2.009600, 2.770304, 0
0.005468, 12.407562, 2.009600, 2.731830, 0
0.001252, 12.407081, 2.009600, 2.693356, 0
0.012188, 12.400463, 2.009600, 2.770304, 0
0.006920, 12.399938, 2.009600, 2.731830, 0
0.001582, 12.399413, 2.009600, 2.693356, 0
0.014739, 12.392883, 2.009600, 2.770304, 0
0.008365, 12.392314, 2.009600, 2.731830, 0
0.001910, 12.391744, 2.009600, 2.693356, 0
0.004458, 12.426214, 2.009600, 2.770304, 0
0.002531, 12.425867, 2.009600, 2.731830, 0
0.000582, 12.425520, 2.009600, 2.693356, 0
0.006318, 12.419245, 2.009600, 2.770304, 0
0.003589, 12.418845, 2.009600, 2.731830, 0
0.000824, 12.418446, 2.009600, 2.693356, 0
0.008285, 12.412276, 2.009600, 2.770304, 0
0.004707, 12.411824, 2.009600, 2.731830, 0
0.001079, 12.411371, 2.009600, 2.693356, 0
0.001178, 12.442922, 2.009600, 2.770304, 0
0.000666, 12.442729, 2.009600, 2.731830, 0
0.000154, 12.442537, 2.009600, 2.693356, 0
0.002232, 12.436514, 2.009600, 2.770304, 0
0.001266, 12.436261, 2.009600, 2.731830, 0
0.000292, 12.436008, 2.009600, 2.693356, 0
0.003478, 12.430106, 2.009600, 2.770304, 0
0.001975, 12.429792, 2.009600, 2.731830, 0
0.000455, 12.429479, 2.009600, 2.693356, 0
0.000761, 12.458285, 2.009600, 2.770304, 0
0.000442, 12.458266, 2.009600, 2.731830, 0
0.000100, 12.458246, 2.009600, 2.693356, 0
0.000295, 12.452393, 2.009600, 2.770304, 0
0.000167, 12.452305, 2.009600, 2.731830, 0
0.000038, 12.452218, 2.009600, 2.693356, 0
0.000667, 12.446501, 2.009600, 2.770304, 0
0.000376, 12.446346, 2.009600, 2.731830, 0
0.000087, 12.446190, 2.009600, 2.693356, 0
-0.044365, 12.153081, 2.059840, 2.770304, 0
-0.024893, 12.152665, 2.059840, 2.731830, 0
-0.005616, 12.152248, 2.059840, 2.693356, 0
-0.043398, 12.136913, 2.059840, 2.770304, 0
-0.024360, 12.136572, 2.059840, 2.731830, 0
-0.005496, 12.136231, 2.059840, 2.693356, 0
-0.042646, 12.120746, 2.059840, 2.770304, 0
-0.023945, 12.120480, 2.059840, 2.731830, 0
-0.005402, 12.120213, 2.059840, 2.693356, 0
-0.046005, 12.191832, 2.059840, 2.770304, 0
-0.025788, 12.191264, 2.059840, 2.731830, 0
-0.005820, 12.190696, 2.059840, 2.693356, 0
-0.045265, 12.176971, 2.059840, 2.770304, 0
-0.025383, 12.176460, 2.059840, 2.731830, 0
-0.005728, 12.175949, 2.059840, 2.693356, 0
-0.044769, 12.162110, 2.059840, 2.770304, 0
-0.025113, 12.161656, 2.059840, 2.731830, 0
-0.005666, 12.161201, 2.059840, 2.693356, 0
-0.046931, 12.227453, 2.059840, 2.770304, 0
-0.026276, 12.226776, 2.059840, 2.731830, 0
-0.005934, 12.226099, 2.059840, 2.693356, 0
-0.046442, 12.213793, 2.059840, 2.770304, 0
-0.026013, 12.213156, 2.059840, 2.731830, 0
-0.005874, 12.212519, 2.059840, 2.693356, 0
-0.046271, 12.200132, 2.059840, 2.770304, 0
-0.025927, 12.199535, 2.059840, 2.731830, 0
-0.005852, 12.198939, 2.059840, 2.693356, 0
-0.047101, 12.260195, 2.059840, 2.770304, 0
-0.026328, 12.259450, 2.059840, 2.731830, 0
-0.005952, 12.258705, 2.059840, 2.693356, 0
-0.046839, 12.247638, 2.059840, 2.770304, 0
-0.026197, 12.246918, 2.059840, 2.731830, 0
-0.005921, 12.246198, 2.059840, 2.693356, 0
-0.047059, 12.235081, 2.059840, 2.770304, 0
-0.026332, 12.234386, 2.059840, 2.731830, 0
-0.005949, 12.233691, 2.059840, 2.693356, 0
-0.046554, 12.290294, 2.059840, 2.770304, 0
-0.025958, 12.289517, 2.059840, 2.731830, 0
-0.005877, 12.288740, 2.059840, 2.693356, 0
-0.046443, 12.278751, 2.059840, 2.770304, 0
-0.025919, 12.277985, 2.059840, 2.731830, 0
-0.005866, 12.277219, 2.059840, 2.693356, 0
-0.047095, 12.267208, 2.059840, 2.770304, 0
-0.026301, 12.266453, 2.059840, 2.731830, 0
-0.005949, 12.265697, 2.059840, 2.693356, 0
-0.045479, 12.317962, 2.059840, 2.770304, 0
-0.025263, 12.317187, 2.059840, 2.731830, 0
-0.005731, 12.316412, 2.059840, 2.693356, 0
-0.045379, 12.307351, 2.059840, 2.770304, 0
-0.025242, 12.306574, 2.059840, 2.731830, 0
-0.005723, 12.305797, 2.059840, 2.693356, 0
-0.046410, 12.296740, 2.059840, 2.770304, 0
-0.025847, 12.295961, 2.059840, 2.731830, 0
-0.005856, 12.295181, 2.059840, 2.693356, 0
-0.044253, 12.343397, 2.059840, 2.770304, 0
-0.024459, 12.342655, 2.059840, 2.731830, 0
-0.005561, 12.341913, 2.059840, 2.693356, 0
-0.044002, 12.333642, 2.059840, 2.770304, 0
-0.024366, 12.332886, 2.059840, 2.731830, 0
-0.005537, 12.332131, 2.059840, 2.693356, 0
-0.045199, 12.323888, 2.059840, 2.770304, 0
-0.025080, 12.323118, 2.059840, 2.731830, 0
-0.005693, 12.322348, 2.059840, 2.693356, 0
-0.043086, 12.366781, 2.059840, 2.770304, 0
-0.023692, 12.366100, 2.059840, 2.731830, 0
-0.005398, 12.365420, 2.059840, 2.693356, 0
-0.042748, 12.357813, 2.059840, 2.770304, 0
-0.023551, 12.357107, 2.059840, 2.731830, 0
-0.005362, 12.356402, 2.059840, 2.693356, 0
-0.043863, 12.348845, 2.059840, 2.770304, 0
-0.024230, 12.348114, 2.059840, 2.731830, 0
-0.005512, 12.347384, 2.059840, 2.693356, 0
-0.040807, 12.388278, 2.059840, 2.770304, 0
-0.022387, 12.387686, 2.059840, 2.731830, 0
-0.005116, 12.387093, 2.059840, 2.693356, 0
-0.041272, 12.380034, 2.059840, 2.770304, 0
-0.022659, 12.379406, 2.059840, 2.731830, 0
-0.005170, 12.378778, 2.059840, 2.693356, 0
-0.042574, 12.371789, 2.059840, 2.770304, 0
-0.023421, 12.371127, 2.059840, 2.731830, 0
-0.005337, 12.370464, 2.059840, 2.693356, 0
-0.033918, 12.408043, 2.059840, 2.770304, 0
-0.018657, 12.407562, 2.059840, 2.731830, 0
-0.004285, 12.407081, 2.059840, 2.693356, 0
-0.037041, 12.400463, 2.059840, 2.770304, 0
-0.020357, 12.399938, 2.059840, 2.731830, 0
-0.004661, 12.399413, 2.059840, 2.693356, 0
-0.039837, 12.392883, 2.059840, 2.770304, 0
-0.021893, 12.392314, 2.059840, 2.731830, 0
-0.005001, 12.391744, 2.059840, 2.693356, 0
-0.020139, 12.426214, 2.059840, 2.770304, 0
-0.011141, 12.425867, 2.059840, 2.731830, 0
-0.002576, 12.425520, 2.059840, 2.693356, 0
-0.026395, 12.419245, 2.059840, 2.770304, 0
-0.014579, 12.418845, 2.059840, 2.731830, 0
-0.003358, 12.418446, 2.059840, 2.693356, 0
-0.031684, 12.412276, 2.059840, 2.770304, 0
-0.017466, 12.411824, 2.059840, 2.731830, 0
-0.004014, 12.411371, 2.059840, 2.693356, 0
-0.006743, 12.442922, 2.059840, 2.770304, 0
-0.003688, 12.442729, 2.059840, 2.731830, 0
-0.000858, 12.442537, 2.059840, 2.693356, 0
-0.011657, 12.436514, 2.059840, 2.770304, 0
-0.006427, 12.436261, 2.059840, 2.731830, 0
-0.001493, 12.436008, 2.059840, 2.693356, 0
-0.016526, 12.430106, 2.059840, 2.770304, 0
-0.009128, 12.429792, 2.059840, 2.731830, 0
-0.002118, 12.429479, 2.059840, 2.693356, 0
-0.005720, 12.458285, 2.059840, 2.770304, 0
-0.002970, 12.458266, 2.059840, 2.731830, 0
-0.000694, 12.458246, 2.059840, 2.693356, 0
-0.004179, 12.452393, 2.059840, 2.770304, 0
-0.002168, 12.452305, 2.059840, 2.731830, 0
-0.000510, 12.452218, 2.059840, 2.693356, 0
-0.004991, 12.446501, 2.059840, 2.770304, 0
-0.002668, 12.446346, 2.059840, 2.731830, 0
-0.000625, 12.446190, 2.059840, 2.693356, 0
-0.010753, 12.119401, 2.160320, 2.693356, 0
-0.047006, 12.120021, 2.160320, 2.731830, 0
-0.082566, 12.120642, 2.160320, 2.770304, 0
-0.010210, 12.135286, 2.160320, 2.693356, 0
-0.044674, 12.136039, 2.160320, 2.731830, 0
-0.078507, 12.136793, 2.160320, 2.770304, 0
-0.009693, 12.151172, 2.160320, 2.693356, 0
-0.042454, 12.152058, 2.160320, 2.731830, 0
-0.074645, 12.152944, 2.160320, 2.770304, 0
-0.012494, 12.160067, 2.160320, 2.693356, 0
-0.054510, 12.161016, 2.160320, 2.731830, 0
-0.095642, 12.161966, 2.160320, 2.770304, 0
-0.011900, 12.174748, 2.160320, 2.693356, 0
-0.051958, 12.175784, 2.160320, 2.731830, 0
-0.091201, 12.176819, 2.160320, 2.770304, 0
-0.011340, 12.189430, 2.160320, 2.693356, 0
-0.049556, 12.190551, 2.160320, 2.731830, 0
-0.087019, 12.191672, 2.160320, 2.770304, 0
-0.014424, 12.197644, 2.160320, 2.693356, 0
-0.062829, 12.198806, 2.160320, 2.731830, 0
-0.110174, 12.199968, 2.160320, 2.770304, 0
-0.013802, 12.211191, 2.160320, 2.693356, 0
-0.060156, 12.212408, 2.160320, 2.731830, 0
-0.105520, 12.213624, 2.160320, 2.770304, 0
-0.013220, 12.224738, 2.160320, 2.693356, 0
-0.057666, 12.226009, 2.160320, 2.731830, 0
-0.101183, 12.227280, 2.160320, 2.770304, 0
-0.016535, 12.232316, 2.160320, 2.693356, 0
-0.071918, 12.233612, 2.160320, 2.731830, 0
-0.126069, 12.234907, 2.160320, 2.770304, 0
-0.015888, 12.244811, 2.160320, 2.693356, 0
-0.069149, 12.246137, 2.160320, 2.731830, 0
-0.121246, 12.247462, 2.160320, 2.770304, 0
-0.015285, 12.257306, 2.160320, 2.693356, 0
-0.066577, 12.258662, 2.160320, 2.731830, 0
-0.116762, 12.260017, 2.160320, 2.770304, 0
-0.018886, 12.264296, 2.160320, 2.693356, 0
-0.081992, 12.265663, 2.160320, 2.731830, 0
-0.143634, 12.267030, 2.160320, 2.770304, 0
-0.018159, 12.275821, 2.160320, 2.693356, 0
-0.078895, 12.277197, 2.160320, 2.731830, 0
-0.138236, 12.278573, 2.160320, 2.770304, 0
-0.017468, 12.287346, 2.160320, 2.693356, 0
-0.075961, 12.288731, 2.160320, 2.731830, 0
-0.133117, 12.290116, 2.160320, 2.770304, 0
-0.021687, 12.293794, 2.160320, 2.693356, 0
-0.093872, 12.295179, 2.160320, 2.731830, 0
-0.164153, 12.296564, 2.160320, 2.770304, 0
-0.020707, 12.304428, 2.160320, 2.693356, 0
-0.089714, 12.305802, 2.160320, 2.731830, 0
-0.156899, 12.307177, 2.160320, 2.770304, 0
-0.019739, 12.315061, 2.160320, 2.693356, 0
-0.085622, 12.316426, 2.160320, 2.731830, 0
-0.149755, 12.317790, 2.160320, 2.770304, 0
-0.025398, 12.321011, 2.160320, 2.693356, 0
-0.109434, 12.322365, 2.160320, 2.731830, 0
-0.190710, 12.323718, 2.160320, 2.770304, 0
-0.023823, 12.330825, 2.160320, 2.693356, 0
-0.102763, 12.332151, 2.160320, 2.731830, 0
-0.179063, 12.333477, 2.160320, 2.770304, 0
-0.022230, 12.340638, 2.160320, 2.693356, 0
-0.096018, 12.341936, 2.160320, 2.731830, 0
-0.167276, 12.343235, 2.160320, 2.770304, 0
-0.030793, 12.346129, 2.160320, 2.693356, 0
-0.131938, 12.347408, 2.160320, 2.731830, 0
-0.228874, 12.348685, 2.160320, 2.770304, 0
-0.028106, 12.355189, 2.160320, 2.693356, 0
-0.120531, 12.356424, 2.160320, 2.731830, 0
-0.208946, 12.357659, 2.160320, 2.770304, 0
-0.025384, 12.364249, 2.160320, 2.693356, 0
-0.108941, 12.365441, 2.160320, 2.731830, 0
-0.188671, 12.366632, 2.160320, 2.770304, 0
-0.038866, 12.369321, 2.160320, 2.693356, 0
-0.165785, 12.370483, 2.160320, 2.731830, 0
-0.286428, 12.371644, 2.160320, 2.770304, 0
-0.034496, 12.377687, 2.160320, 2.693356, 0
-0.147077, 12.378792, 2.160320, 2.731830, 0
-0.253745, 12.379895, 2.160320, 2.770304, 0
-0.030106, 12.386054, 2.160320, 2.693356, 0
-0.128191, 12.387100, 2.160320, 2.731830, 0
-0.220696, 12.388146, 2.160320, 2.770304, 0
-0.050481, 12.390738, 2.160320, 2.693356, 0
-0.214971, 12.391747, 2.160320, 2.731830, 0
-0.370983, 12.392755, 2.160320, 2.770304, 0
-0.044123, 12.398469, 2.160320, 2.693356, 0
-0.187404, 12.399406, 2.160320, 2.731830, 0
-0.322616, 12.400343, 2.160320, 2.770304, 0
-0.037789, 12.406200, 2.160320, 2.693356, 0
-0.159753, 12.407065, 2.160320, 2.731830, 0
-0.274051, 12.407931, 2.160320, 2.770304, 0
-0.065317, 12.410528, 2.160320, 2.693356, 0
-0.278568, 12.411349, 2.160320, 2.731830, 0
-0.483322, 12.412169, 2.160320, 2.770304, 0
-0.058415, 12.417674, 2.160320, 2.693356, 0
-0.247741, 12.418410, 2.160320, 2.731830, 0
-0.428395, 12.419147, 2.160320, 2.770304, 0
-0.051468, 12.424819, 2.160320, 2.693356, 0
-0.216387, 12.425472, 2.160320, 2.731830, 0
-0.372745, 12.426125, 2.160320, 2.770304, 0
-0.638334, 12.430024, 2.160320, 2.770304, 0
-0.661736, 12.436445, 2.160320, 2.770304, 0
-0.705951, 12.442866, 2.160320, 2.770304, 0
-0.339802, 12.429426, 2.160320, 2.731830, 0
-0.344148, 12.435953, 2.160320, 2.731831, 0
-0.360934, 12.442480, 2.160320, 2.731831, 0
-0.073293, 12.428829, 2.160320, 2.693356, 0
-0.072757, 12.435461, 2.160320, 2.693357, 0
-0.074846, 12.442094, 2.160320, 2.693357, 0
-0.811842, 12.446454, 2.160320, 2.770304, 0
-0.872925, 12.452367, 2.160320, 2.770304, 0
-0.908741, 12.458279, 2.160320, 2.770304, 0
-0.461171, 12.446139, 2.160320, 2.731831, 0
-0.490656, 12.452189, 2.160320, 2.731831, 0
-0.507345, 12.458239, 2.160320, 2.731830, 0
-0.103768, 12.445824, 2.160320, 2.693357, 0
-0.109183, 12.452011, 2.160320, 2.693357, 0
-0.111792, 12.458199, 2.160320, 2.693356, 0
0.074478, 12.153081, 2.210560, 2.770304, 0
0.041876, 12.152665, 2.210560, 2.731830, 0
0.009429, 12.152248, 2.210560, 2.693356, 0
0.070096, 12.136913, 2.210560, 2.770304, 0
0.039429, 12.136572, 2.210560, 2.731830, 0
0.008881, 12.136231, 2.210560, 2.693356, 0
0.065873, 12.120746, 2.210560, 2.770304, 0
0.037069, 12.120480, 2.210560, 2.731830, 0
0.008352, 12.120213, 2.210560, 2.693356, 0
0.087916, 12.191832, 2.210560, 2.770304, 0
0.049373, 12.191264, 2.210560, 2.731830, 0
0.011108, 12.190696, 2.210560, 2.693356, 0
0.082455, 12.176971, 2.210560, 2.770304, 0
0.046326, 12.176460, 2.210560, 2.731830, 0
0.010426, 12.175949, 2.210560, 2.693356, 0
0.077206, 12.162110, 2.210560, 2.770304, 0
0.043397, 12.161656, 2.210560, 2.731830, 0
0.009770, 12.161201, 2.210560, 2.693356, 0
0.104660, 12.227453, 2.210560, 2.770304, 0
0.058705, 12.226776, 2.210560, 2.731830, 0
0.013197, 12.226099, 2.210560, 2.693356, 0
0.097869, 12.213793, 2.210560, 2.770304, 0
0.054919, 12.213156, 2.210560, 2.731830, 0
0.012349, 12.212519, 2.210560, 2.693356, 0
0.091362, 12.200132, 2.210560, 2.770304, 0
0.051290, 12.199535, 2.210560, 2.731830, 0
0.011537, 12.198939, 2.210560, 2.693356, 0
0.124934, 12.260195, 2.210560, 2.770304, 0
0.070004, 12.259450, 2.210560, 2.731830, 0
0.015729, 12.258705, 2.210560, 2.693356, 0
0.116787, 12.247638, 2.210560, 2.770304, 0
0.065460, 12.246918, 2.210560, 2.731830, 0
0.014710, 12.246198, 2.210560, 2.693356, 0
0.109009, 12.235081, 2.210560, 2.770304, 0
0.061119, 12.234386, 2.210560, 2.731830, 0
0.013737, 12.233691, 2.210560, 2.693356, 0
0.147812, 12.290294, 2.210560, 2.770304, 0
0.082765, 12.289517, 2.210560, 2.731830, 0
0.018599, 12.288740, 2.210560, 2.693356, 0
0.138776, 12.278751, 2.210560, 2.770304, 0
0.077719, 12.277985, 2.210560, 2.731830, 0
0.017463, 12.277219, 2.210560, 2.693356, 0
0.130220, 12.267208, 2.210560, 2.770304, 0
0.072935, 12.266453, 2.210560, 2.731830, 0
0.016386, 12.265697, 2.210560, 2.693356, 0
0.170631, 12.317962, 2.210560, 2.770304, 0
0.095533, 12.317187, 2.210560, 2.731830, 0
0.021490, 12.316412, 2.210560, 2.693356, 0
0.161837, 12.307351, 2.210560, 2.770304, 0
0.090609, 12.306574, 2.210560, 2.731830, 0
0.020374, 12.305797, 2.210560, 2.693356, 0
0.153716, 12.296740, 2.210560, 2.770304, 0
0.086052, 12.295961, 2.210560, 2.731830, 0
0.019339, 12.295181, 2.210560, 2.693356, 0
0.189134, 12.343397, 2.210560, 2.770304, 0
0.105942, 12.342655, 2.210560, 2.731830, 0
0.023883, 12.341913, 2.210560, 2.693356, 0
0.182219, 12.333642, 2.210560, 2.770304, 0
0.102062, 12.332886, 2.210560, 2.731830, 0
0.022988, 12.332131, 2.210560, 2.693356, 0
0.176368, 12.323888, 2.210560, 2.770304, 0
0.098759, 12.323118, 2.210560, 2.731830, 0
0.022223, 12.322348, 2.210560, 2.693356, 0
0.198802, 12.366781, 2.210560, 2.770304, 0
0.111423, 12.366100, 2.210560, 2.731830, 0
0.025192, 12.365420, 2.210560, 2.693356, 0
0.195285, 12.357813, 2.210560, 2.770304, 0
0.109466, 12.357107, 2.210560, 2.731830, 0
0.024721, 12.356402, 2.210560, 2.693356, 0
0.193554, 12.348845, 2.210560, 2.770304, 0
0.108484, 12.348114, 2.210560, 2.731830, 0
0.024468, 12.347384, 2.210560, 2.693356, 0
0.196929, 12.388278, 2.210560, 2.770304, 0
0.110361, 12.387686, 2.210560, 2.731830, 0
0.025034, 12.387093, 2.210560, 2.693356, 0
0.197374, 12.380034, 2.210560, 2.770304, 0
0.110678, 12.379406, 2.210560, 2.731830, 0
0.025075, 12.378778, 2.210560, 2.693356, 0
0.200642, 12.371789, 2.210560, 2.770304, 0
0.112555, 12.371127, 2.210560, 2.731830, 0
0.025467, 12.370464, 2.210560, 2.693356, 0
0.184686, 12.408043, 2.210560, 2.770304, 0
0.103312, 12.407562, 2.210560, 2.731830, 0
0.023499, 12.407081, 2.210560, 2.693356, 0
0.188003, 12.400463, 2.210560, 2.770304, 0
0.105301, 12.399938, 2.210560, 2.731830, 0
0.023930, 12.399413, 2.210560, 2.693356, 0
0.194991, 12.392883, 2.210560, 2.770304, 0
0.109357, 12.392314, 2.210560, 2.731830, 0
0.024830, 12.391744, 2.210560, 2.693356, 0
0.167077, 12.426214, 2.210560, 2.770304, 0
0.093168, 12.425867, 2.210560, 2.731830, 0
0.021223, 12.425520, 2.210560, 2.693356, 0
0.171065, 12.419245, 2.210560, 2.770304, 0
0.095481, 12.418845, 2.210560, 2.731830, 0
0.021745, 12.418446, 2.210560, 2.693356, 0
0.177925, 12.412276, 2.210560, 2.770304, 0
0.099462, 12.411824, 2.210560, 2.731830, 0
0.022651, 12.411371, 2.210560, 2.693356, 0
0.149570, 12.442922, 2.210560, 2.770304, 0
0.083177, 12.442729, 2.210560, 2.731830, 0
0.018941, 12.442537, 2.210560, 2.693356, 0
0.153856, 12.436514, 2.210560, 2.770304, 0
0.085553, 12.436261, 2.210560, 2.731830, 0
0.019484, 12.436008, 2.210560, 2.693356, 0
0.157414, 12.430106, 2.210560, 2.770304, 0
0.087569, 12.429792, 2.210560, 2.731830, 0
0.019950, 12.429479, 2.210560, 2.693356, 0
0.139328, 12.458285, 2.210560, 2.770304, 0
0.077319, 12.458266, 2.210560, 2.731830, 0
0.017588, 12.458246, 2.210560, 2.693356, 0
0.142714, 12.452393, 2.210560, 2.770304, 0
0.079202, 12.452305, 2.210560, 2.731830, 0
0.018022, 12.452218, 2.210560, 2.693356, 0
0.142910, 12.446501, 2.210560, 2.770304, 0
0.079279, 12.446346, 2.210560, 2.731830, 0
0.018038, 12.446190, 2.210560, 2.693356, 0
-0.057957, 12.153081, 2.260800, 2.770304, 0
-0.032623, 12.152665, 2.260800, 2.731830, 0
-0.007347, 12.152248, 2.260800, 2.693356, 0
-0.056266, 12.136913, 2.260800, 2.770304, 0
-0.031677, 12.136572, 2.260800, 2.731830, 0
-0.007135, 12.136231, 2.260800, 2.693356, 0
-0.054648, 12.120746, 2.260800, 2.770304, 0
-0.030771, 12.120480, 2.260800, 2.731830, 0
-0.006932, 12.120213, 2.260800, 2.693356, 0
-0.062338, 12.191832, 2.260800, 2.770304, 0
-0.035073, 12.191264, 2.260800, 2.731830, 0
-0.007896, 12.190696, 2.260800, 2.693356, 0
-0.060557, 12.176971, 2.260800, 2.770304, 0
-0.034078, 12.176460, 2.260800, 2.731830, 0
-0.007673, 12.175949, 2.260800, 2.693356, 0
-0.058893, 12.162110, 2.260800, 2.770304, 0
-0.033147, 12.161656, 2.260800, 2.731830, 0
-0.007464, 12.161201, 2.260800, 2.693356, 0
-0.067299, 12.227453, 2.260800, 2.770304, 0
-0.037840, 12.226776, 2.260800, 2.731830, 0
-0.008514, 12.226099, 2.260800, 2.693356, 0
-0.065217, 12.213793, 2.260800, 2.770304, 0
-0.036681, 12.213156, 2.260800, 2.731830, 0
-0.008255, 12.212519, 2.260800, 2.693356, 0
-0.063342, 12.200132, 2.260800, 2.770304, 0
-0.035634, 12.199535, 2.260800, 2.731830, 0
-0.008021, 12.198939, 2.260800, 2.693356, 0
-0.073556, 12.260195, 2.260800, 2.770304, 0
-0.041322, 12.259450, 2.260800, 2.731830, 0
-0.009291, 12.258705, 2.260800, 2.693356, 0
-0.070862, 12.247638, 2.260800, 2.770304, 0
-0.039824, 12.246918, 2.260800, 2.731830, 0
-0.008957, 12.246198, 2.260800, 2.693356, 0
-0.068528, 12.235081, 2.260800, 2.770304, 0
-0.038524, 12.234386, 2.260800, 2.731830, 0
-0.008667, 12.233691, 2.260800, 2.693356, 0
-0.081873, 12.290294, 2.260800, 2.770304, 0
-0.045945, 12.289517, 2.260800, 2.731830, 0
-0.010321, 12.288740, 2.260800, 2.693356, 0
-0.078265, 12.278751, 2.260800, 2.770304, 0
-0.043940, 12.277985, 2.260800, 2.731830, 0
-0.009874, 12.277219, 2.260800, 2.693356, 0
-0.075226, 12.267208, 2.260800, 2.770304, 0
-0.042249, 12.266453, 2.260800, 2.731830, 0
-0.009497, 12.265697, 2.260800, 2.693356, 0
-0.092610, 12.317962, 2.260800, 2.770304, 0
-0.051925, 12.317187, 2.260800, 2.731830, 0
-0.011657, 12.316412, 2.260800, 2.693356, 0
-0.088000, 12.307351, 2.260800, 2.770304, 0
-0.049356, 12.306574, 2.260800, 2.731830, 0
-0.011083, 12.305797, 2.260800, 2.693356, 0
-0.084161, 12.296740, 2.260800, 2.770304, 0
-0.047217, 12.295961, 2.260800, 2.731830, 0
-0.010605, 12.295181, 2.260800, 2.693356, 0
-0.105303, 12.343397, 2.260800, 2.770304, 0
-0.059020, 12.342655, 2.260800, 2.731830, 0
-0.013248, 12.341913, 2.260800, 2.693356, 0
-0.099982, 12.333642, 2.260800, 2.770304, 0
-0.056044, 12.332886, 2.260800, 2.731830, 0
-0.012580, 12.332131, 2.260800, 2.693356, 0
-0.095539, 12.323888, 2.260800, 2.770304, 0
-0.053559, 12.323118, 2.260800, 2.731830, 0
-0.012022, 12.322348, 2.260800, 2.693356, 0
-0.118546, 12.366781, 2.260800, 2.770304, 0
-0.066463, 12.366100, 2.260800, 2.731830, 0
-0.014927, 12.365420, 2.260800, 2.693356, 0
-0.113191, 12.357813, 2.260800, 2.770304, 0
-0.063450, 12.357107, 2.260800, 2.731830, 0
-0.014246, 12.356402, 2.260800, 2.693356, 0
-0.108645, 12.348845, 2.260800, 2.770304, 0
-0.060894, 12.348114, 2.260800, 2.731830, 0
-0.013670, 12.347384, 2.260800, 2.693356, 0
-0.130484, 12.388278, 2.260800, 2.770304, 0
-0.073210, 12.387686, 2.260800, 2.731830, 0
-0.016457, 12.387093, 2.260800, 2.693356, 0
-0.125890, 12.380034, 2.260800, 2.770304, 0
-0.070608, 12.379406, 2.260800, 2.731830, 0
-0.015866, 12.378778, 2.260800, 2.693356, 0
-0.121852, 12.371789, 2.260800, 2.770304, 0
-0.068327, 12.371127, 2.260800, 2.731830, 0
-0.015349, 12.370464, 2.260800, 2.693356, 0
-0.139631, 12.408043, 2.260800, 2.770304, 0
-0.078407, 12.407562, 2.260800, 2.731830, 0
-0.017644, 12.407081, 2.260800, 2.693356, 0
-0.136346, 12.400463, 2.260800, 2.770304, 0
-0.076536, 12.399938, 2.260800, 2.731830, 0
-0.017216, 12.399413, 2.260800, 2.693356, 0
-0.133259, 12.392883, 2.260800, 2.770304, 0
-0.074784, 12.392314, 2.260800, 2.731830, 0
-0.016816, 12.391744, 2.260800, 2.693356, 0
-0.145514, 12.426214, 2.260800, 2.770304, 0
-0.081761, 12.425867, 2.260800, 2.731830, 0
-0.018413, 12.425520, 2.260800, 2.693356, 0
-0.143611, 12.419245, 2.260800, 2.770304, 0
-0.080674, 12.418845, 2.260800, 2.731830, 0
-0.018163, 12.418446, 2.260800, 2.693356, 0
-0.141566, 12.412276, 2.260800, 2.770304, 0
-0.079510, 12.411824, 2.260800, 2.731830, 0
-0.017896, 12.411371, 2.260800, 2.693356, 0
-0.148553, 12.442922, 2.260800, 2.770304, 0
-0.083500, 12.442729, 2.260800, 2.731830, 0
-0.018813, 12.442537, 2.260800, 2.693356, 0
-0.147752, 12.436514, 2.260800, 2.770304, 0
-0.083040, 12.436261, 2.260800, 2.731830, 0
-0.018707, 12.436008, 2.260800, 2.693356, 0
-0.146596, 12.430106, 2.260800, 2.770304, 0
-0.082380, 12.429792, 2.260800, 2.731830, 0
-0.018555, 12.429479, 2.260800, 2.693356, 0
-0.149557, 12.458285, 2.260800, 2.770304, 0
-0.084075, 12.458266, 2.260800, 2.731830, 0
-0.018946, 12.458246, 2.260800, 2.693356, 0
-0.149486, 12.452393, 2.260800, 2.770304, 0
-0.084034, 12.452305, 2.260800, 2.731830, 0
-0.018936, 12.452218, 2.260800, 2.693356, 0
-0.149008, 12.446501, 2.260800, 2.770304, 0
-0.083760, 12.446346, 2.260800, 2.731830, 0
-0.018873, 12.446190, 2.260800, 2.693356, 0
0.061115, 12.153081, 2.311040, 2.770304, 0
0.034406, 12.152665, 2.311040, 2.731830, 0
0.007748, 12.152248, 2.311040, 2.693356, 0
0.059001, 12.136913, 2.311040, 2.770304, 0
0.033221, 12.136572, 2.311040, 2.731830, 0
0.007483, 12.136231, 2.311040, 2.693356, 0
0.056989, 12.120746, 2.311040, 2.770304, 0
0.032094, 12.120480, 2.311040, 2.731830, 0
0.007230, 12.120213, 2.311040, 2.693356, 0
0.066203, 12.191832, 2.311040, 2.770304, 0
0.037262, 12.191264, 2.311040, 2.731830, 0
0.008390, 12.190696, 2.311040, 2.693356, 0
0.064210, 12.176971, 2.311040, 2.770304, 0
0.036143, 12.176460, 2.311040, 2.731830, 0
0.008139, 12.175949, 2.311040, 2.693356, 0
0.062358, 12.162110, 2.311040, 2.770304, 0
0.035103, 12.161656, 2.311040, 2.731830, 0
0.007905, 12.161201, 2.311040, 2.693356, 0
0.070440, 12.227453, 2.311040, 2.770304, 0
0.039650, 12.226776, 2.311040, 2.731830, 0
0.008929, 12.226099, 2.311040, 2.693356, 0
0.068779, 12.213793, 2.311040, 2.770304, 0
0.038714, 12.213156, 2.311040, 2.731830, 0
0.008718, 12.212519, 2.311040, 2.693356, 0
0.067330, 12.200132, 2.311040, 2.770304, 0
0.037896, 12.199535, 2.311040, 2.731830, 0
0.008533, 12.198939, 2.311040, 2.693356, 0
0.073185, 12.260195, 2.311040, 2.770304, 0
0.041211, 12.259450, 2.311040, 2.731830, 0
0.009284, 12.258705, 2.311040, 2.693356, 0
0.072077, 12.247638, 2.311040, 2.770304, 0
0.040582, 12.246918, 2.311040, 2.731830, 0
0.009141, 12.246198, 2.311040, 2.693356, 0
0.071291, 12.235081, 2.311040, 2.770304, 0
0.040132, 12.234386, 2.311040, 2.731830, 0
0.009038, 12.233691, 2.311040, 2.693356, 0
0.073996, 12.290294, 2.311040, 2.770304, 0
0.041694, 12.289517, 2.311040, 2.731830, 0
0.009400, 12.288740, 2.311040, 2.693356, 0
0.073571, 12.278751, 2.311040, 2.770304, 0
0.041447, 12.277985, 2.311040, 2.731830, 0
0.009342, 12.277219, 2.311040, 2.693356, 0
0.073600, 12.267208, 2.311040, 2.770304, 0
0.041451, 12.266453, 2.311040, 2.731830, 0
0.009340, 12.265697, 2.311040, 2.693356, 0
0.072899, 12.317962, 2.311040, 2.770304, 0
0.041104, 12.317187, 2.311040, 2.731830, 0
0.009274, 12.316412, 2.311040, 2.693356, 0
0.073115, 12.307351, 2.311040, 2.770304, 0
0.041218, 12.306574, 2.311040, 2.731830, 0
0.009297, 12.305797, 2.311040, 2.693356, 0
0.073892, 12.296740, 2.311040, 2.770304, 0
0.041644, 12.295961, 2.311040, 2.731830, 0
0.009390, 12.295181, 2.311040, 2.693356, 0
0.070440, 12.343397, 2.311040, 2.770304, 0
0.039736, 12.342655, 2.311040, 2.731830, 0
0.008970, 12.341913, 2.311040, 2.693356, 0
0.071093, 12.333642, 2.311040, 2.770304, 0
0.040099, 12.332886, 2.311040, 2.731830, 0
0.009050, 12.332131, 2.311040, 2.693356, 0
0.072331, 12.323888, 2.311040, 2.770304, 0
0.040792, 12.323118, 2.311040, 2.731830, 0
0.009205, 12.322348, 2.311040, 2.693356, 0
0.067440, 12.366781, 2.311040, 2.770304, 0
0.038046, 12.366100, 2.311040, 2.731830, 0
0.008590, 12.365420, 2.311040, 2.693356, 0
0.068266, 12.357813, 2.311040, 2.770304, 0
0.038511, 12.357107, 2.311040, 2.731830, 0
0.008695, 12.356402, 2.311040, 2.693356, 0
0.069585, 12.348845, 2.311040, 2.770304, 0
0.039257, 12.348114, 2.311040, 2.731830, 0
0.008863, 12.347384, 2.311040, 2.693356, 0
0.064653, 12.388278, 2.311040, 2.770304, 0
0.036463, 12.387686, 2.311040, 2.731830, 0
0.008231, 12.387093, 2.311040, 2.693356, 0
0.065441, 12.380034, 2.311040, 2.770304, 0
0.036911, 12.379406, 2.311040, 2.731830, 0
0.008333, 12.378778, 2.311040, 2.693356, 0
0.066521, 12.371789, 2.311040, 2.770304, 0
0.037526, 12.371127, 2.311040, 2.731830, 0
0.008473, 12.370464, 2.311040, 2.693356, 0
0.062502, 12.408043, 2.311040, 2.770304, 0
0.035234, 12.407562, 2.311040, 2.731830, 0
0.007951, 12.407081, 2.311040, 2.693356, 0
0.063152, 12.400463, 2.311040, 2.770304, 0
0.035604, 12.399938, 2.311040, 2.731830, 0
0.008035, 12.399413, 2.311040, 2.693356, 0
0.063851, 12.392883, 2.311040, 2.770304, 0
0.036006, 12.392314, 2.311040, 2.731830, 0
0.008127, 12.391744, 2.311040, 2.693356, 0
0.061097, 12.426214, 2.311040, 2.770304, 0
0.034426, 12.425867, 2.311040, 2.731830, 0
0.007766, 12.425520, 2.311040, 2.693356, 0
0.061578, 12.419245, 2.311040, 2.770304, 0
0.034702, 12.418845, 2.311040, 2.731830, 0
0.007829, 12.418446, 2.311040, 2.693356, 0
0.061911, 12.412276, 2.311040, 2.770304, 0
0.034896, 12.411824, 2.311040, 2.731830, 0
0.007873, 12.411371, 2.311040, 2.693356, 0
0.060328, 12.442922, 2.311040, 2.770304, 0
0.033985, 12.442729, 2.311040, 2.731830, 0
0.007665, 12.442537, 2.311040, 2.693356, 0
0.060664, 12.436514, 2.311040, 2.770304, 0
0.034177, 12.436261, 2.311040, 2.731830, 0
0.007708, 12.436008, 2.311040, 2.693356, 0
0.060737, 12.430106, 2.311040, 2.770304, 0
0.034219, 12.429792, 2.311040, 2.731830, 0
0.007718, 12.429479, 2.311040, 2.693356, 0
0.060055, 12.458285, 2.311040, 2.770304, 0
0.033827, 12.458266, 2.311040, 2.731830, 0
0.007628, 12.458246, 2.311040, 2.693356, 0
0.060256, 12.452393, 2.311040, 2.770304, 0
0.033943, 12.452305, 2.311040, 2.731830, 0
0.007655, 12.452218, 2.311040, 2.693356, 0
0.060173, 12.446501, 2.311040, 2.770304, 0
0.033896, 12.446346, 2.311040, 2.731830, 0
0.007644, 12.446190, 2.311040, 2.693356, 0
-0.009581, 12.153081, 1.808640, 2.770304, 0
-0.009944, 12.136913, 1.808640, 2.770304, 0
-0.010392, 12.120746, 1.808640, 2.770304, 0
-0.005406, 12.152665, 1.808640, 2.731830, 0
-0.005610, 12.136572, 1.808640, 2.731830, 0
-0.005860, 12.120480, 1.808640, 2.731830, 0
-0.001221, 12.152248, 1.808640, 2.693356, 0
-0.001266, 12.136231, 1.808640, 2.693356, 0
-0.001322, 12.120213, 1.808640, 2.693356, 0
-0.008388, 12.191832, 1.808640, 2.770304, 0
-0.008814, 12.176971, 1.808640, 2.770304, 0
-0.009319, 12.162110, 1.808640, 2.770304, 0
-0.004738, 12.191264, 1.808640, 2.731830, 0
-0.004977, 12.176460, 1.808640, 2.731830, 0
-0.005259, 12.161656, 1.808640, 2.731830, 0
-0.001071, 12.190696, 1.808640, 2.693356, 0
-0.001124, 12.175949, 1.808640, 2.693356, 0
-0.001188, 12.161201, 1.808640, 2.693356, 0
-0.007101, 12.227453, 1.808640, 2.770304, 0
-0.007569, 12.213793, 1.808640, 2.770304, 0
-0.008102, 12.200132, 1.808640, 2.770304, 0
-0.004017, 12.226776, 1.808640, 2.731830, 0
-0.004279, 12.213156, 1.808640, 2.731830, 0
-0.004578, 12.199535, 1.808640, 2.731830, 0
-0.000909, 12.226099, 1.808640, 2.693356, 0
-0.000968, 12.212519, 1.808640, 2.693356, 0
-0.001035, 12.198939, 1.808640, 2.693356, 0
-0.005791, 12.260195, 1.808640, 2.770304, 0
-0.006275, 12.247638, 1.808640, 2.770304, 0
-0.006806, 12.235081, 1.808640, 2.770304, 0
-0.003281, 12.259450, 1.808640, 2.731830, 0
-0.003554, 12.246918, 1.808640, 2.731830, 0
-0.003852, 12.234386, 1.808640, 2.731830, 0
-0.000744, 12.258705, 1.808640, 2.693356, 0
-0.000805, 12.246198, 1.808640, 2.693356, 0
-0.000872, 12.233691, 1.808640, 2.693356, 0
-0.004530, 12.290294, 1.808640, 2.770304, 0
-0.005002, 12.278751, 1.808640, 2.770304, 0
-0.005503, 12.267208, 1.808640, 2.770304, 0
-0.002573, 12.289517, 1.808640, 2.731830, 0
-0.002838, 12.277985, 1.808640, 2.731830, 0
-0.003120, 12.266453, 1.808640, 2.731830, 0
-0.000585, 12.288740, 1.808640, 2.693356, 0
-0.000644, 12.277219, 1.808640, 2.693356, 0
-0.000708, 12.265697, 1.808640, 2.693356, 0
-0.003386, 12.317962, 1.808640, 2.770304, 0
-0.003816, 12.307351, 1.808640, 2.770304, 0
-0.004265, 12.296740, 1.808640, 2.770304, 0
-0.001927, 12.317187, 1.808640, 2.731830, 0
-0.002170, 12.306574, 1.808640, 2.731830, 0
-0.002423, 12.295961, 1.808640, 2.731830, 0
-0.000439, 12.316412, 1.808640, 2.693356, 0
-0.000494, 12.305797, 1.808640, 2.693356, 0
-0.000551, 12.295181, 1.808640, 2.693356, 0
-0.002402, 12.343397, 1.808640, 2.770304, 0
-0.002769, 12.333642, 1.808640, 2.770304, 0
-0.003152, 12.323888, 1.808640, 2.770304, 0
-0.001370, 12.342655, 1.808640, 2.731830, 0
-0.001578, 12.332886, 1.808640, 2.731830, 0
-0.001795, 12.323118, 1.808640, 2.731830, 0
-0.000313, 12.341913, 1.808640, 2.693356, 0
-0.000360, 12.332131, 1.808640, 2.693356, 0
-0.000409, 12.322348, 1.808640, 2.693356, 0
-0.001604, 12.366781, 1.808640, 2.770304, 0
-0.001896, 12.357813, 1.808640, 2.770304, 0
-0.002208, 12.348845, 1.808640, 2.770304, 0
-0.000917, 12.366100, 1.808640, 2.731830, 0
-0.001083, 12.357107, 1.808640, 2.731830, 0
-0.001260, 12.348114, 1.808640, 2.731830, 0
-0.000210, 12.365420, 1.808640, 2.693356, 0
-0.000248, 12.356402, 1.808640, 2.693356, 0
-0.000288, 12.347384, 1.808640, 2.693356, 0
-0.000999, 12.388278, 1.808640, 2.770304, 0
-0.001213, 12.380034, 1.808640, 2.770304, 0
-0.001453, 12.371789, 1.808640, 2.770304, 0
-0.000572, 12.387686, 1.808640, 2.731830, 0
-0.000694, 12.379406, 1.808640, 2.731830, 0
-0.000831, 12.371127, 1.808640, 2.731830, 0
-0.000131, 12.387093, 1.808640, 2.693356, 0
-0.000159, 12.378778, 1.808640, 2.693356, 0
-0.000190, 12.370464, 1.808640, 2.693356, 0
-0.000585, 12.408043, 1.808640, 2.770304, 0
-0.000722, 12.400463, 1.808640, 2.770304, 0
-0.000891, 12.392883, 1.808640, 2.770304, 0
-0.000335, 12.407562, 1.808640, 2.731830, 0
-0.000414, 12.399938, 1.808640, 2.731830, 0
-0.000511, 12.392314, 1.808640, 2.731830, 0
-0.000077, 12.407081, 1.808640, 2.693356, 0
-0.000095, 12.399413, 1.808640, 2.693356, 0
-0.000117, 12.391744, 1.808640, 2.693356, 0
-0.000347, 12.426214, 1.808640, 2.770304, 0
-0.000416, 12.419245, 1.808640, 2.770304, 0
-0.000519, 12.412276, 1.808640, 2.770304, 0
-0.000198, 12.425867, 1.808640, 2.731830, 0
-0.000238, 12.418845, 1.808640, 2.731830, 0
-0.000297, 12.411824, 1.808640, 2.731830, 0
-0.000045, 12.425520, 1.808640, 2.693356, 0
-0.000055, 12.418446, 1.808640, 2.693356, 0
-0.000068, 12.411371, 1.808640, 2.693356, 0
-0.000268, 12.442922, 1.808640, 2.770304, 0
-0.000278, 12.436514, 1.808640, 2.770304, 0
-0.000317, 12.430106, 1.808640, 2.770304, 0
-0.000152, 12.442729, 1.808640, 2.731830, 0
-0.000158, 12.436261, 1.808640, 2.731830, 0
-0.000181, 12.429792, 1.808640, 2.731830, 0
-0.000034, 12.442537, 1.808640, 2.693356, 0
-0.000036, 12.436008, 1.808640, 2.693356, 0
-0.000041, 12.429479, 1.808640, 2.693356, 0
-0.000269, 12.458285, 1.808640, 2.770304, 0
-0.000272, 12.452393, 1.808640, 2.770304, 0
-0.000258, 12.446501, 1.808640, 2.770304, 0
-0.000153, 12.458266, 1.808640, 2.731830, 0
-0.000154, 12.452305, 1.808640, 2.731830, 0
-0.000146, 12.446346, 1.808640, 2.731830, 0
-0.000035, 12.458246, 1.808640, 2.693356, 0
-0.000035, 12.452218, 1.808640, 2.693356, 0
-0.000033, 12.446190, 1.808640, 2.693356, 0
-0.039593, 12.153081, 2.361280, 2.770304, 0
-0.022305, 12.152665, 2.361280, 2.731830, 0
-0.005027, 12.152248, 2.361280, 2.693356, 0
-0.039121, 12.136913, 2.361280, 2.770304, 0
-0.022039, 12.136572, 2.361280, 2.731830, 0
-0.004967, 12.136231, 2.361280, 2.693356, 0
-0.038772, 12.120746, 2.361280, 2.770304, 0
-0.021842, 12.120480, 2.361280, 2.731830, 0
-0.004922, 12.120213, 2.361280, 2.693356, 0
-0.040072, 12.191832, 2.361280, 2.770304, 0
-0.022578, 12.191264, 2.361280, 2.731830, 0
-0.005089, 12.190696, 2.361280, 2.693356, 0
-0.039835, 12.176971, 2.361280, 2.770304, 0
-0.022444, 12.176460, 2.361280, 2.731830, 0
-0.005059, 12.175949, 2.361280, 2.693356, 0
-0.039765, 12.162110, 2.361280, 2.770304, 0
-0.022402, 12.161656, 2.361280, 2.731830, 0
-0.005049, 12.161201, 2.361280, 2.693356, 0
-0.039810, 12.227453, 2.361280, 2.770304, 0
-0.022439, 12.226776, 2.361280, 2.731830, 0
-0.005060, 12.226099, 2.361280, 2.693356, 0
-0.039838, 12.213793, 2.361280, 2.770304, 0
-0.022452, 12.213156, 2.361280, 2.731830, 0
-0.005062, 12.212519, 2.361280, 2.693356, 0
-0.040080, 12.200132, 2.361280, 2.770304, 0
-0.022585, 12.199535, 2.361280, 2.731830, 0
-0.005091, 12.198939, 2.361280, 2.693356, 0
-0.038829, 12.260195, 2.361280, 2.770304, 0
-0.021897, 12.259450, 2.361280, 2.731830, 0
-0.004941, 12.258705, 2.361280, 2.693356, 0
-0.039113, 12.247638, 2.361280, 2.770304, 0
-0.022054, 12.246918, 2.361280, 2.731830, 0
-0.004975, 12.246198, 2.361280, 2.693356, 0
-0.039647, 12.235081, 2.361280, 2.770304, 0
-0.022350, 12.234386, 2.361280, 2.731830, 0
-0.005040, 12.233691, 2.361280, 2.693356, 0
-0.037286, 12.290294, 2.361280, 2.770304, 0
-0.021037, 12.289517, 2.361280, 2.731830, 0
-0.004749, 12.288740, 2.361280, 2.693356, 0
-0.037772, 12.278751, 2.361280, 2.770304, 0
-0.021308, 12.277985, 2.361280, 2.731830, 0
-0.004809, 12.277219, 2.361280, 2.693356, 0
-0.038517, 12.267208, 2.361280, 2.770304, 0
-0.021724, 12.266453, 2.361280, 2.731830, 0
-0.004902, 12.265697, 2.361280, 2.693356, 0
-0.035409, 12.317962, 2.361280, 2.770304, 0
-0.019986, 12.317187, 2.361280, 2.731830, 0
-0.004514, 12.316412, 2.361280, 2.693356, 0
-0.036023, 12.307351, 2.361280, 2.770304, 0
-0.020329, 12.306574, 2.361280, 2.731830, 0
-0.004590, 12.305797, 2.361280, 2.693356, 0
-0.036871, 12.296740, 2.361280, 2.770304, 0
-0.020805, 12.295961, 2.361280, 2.731830, 0
-0.004697, 12.295181, 2.361280, 2.693356, 0
-0.033461, 12.343397, 2.361280, 2.770304, 0
-0.018889, 12.342655, 2.361280, 2.731830, 0
-0.004267, 12.341913, 2.361280, 2.693356, 0
-0.034116, 12.333642, 2.361280, 2.770304, 0
-0.019258, 12.332886, 2.361280, 2.731830, 0
-0.004350, 12.332131, 2.361280, 2.693356, 0
-0.034950, 12.323888, 2.361280, 2.770304, 0
-0.019728, 12.323118, 2.361280, 2.731830, 0
-0.004456, 12.322348, 2.361280, 2.693356, 0
-0.031647, 12.366781, 2.361280, 2.770304, 0
-0.017863, 12.366100, 2.361280, 2.731830, 0
-0.004035, 12.365420, 2.361280, 2.693356, 0
-0.032279, 12.357813, 2.361280, 2.770304, 0
-0.018221, 12.357107, 2.361280, 2.731830, 0
-0.004116, 12.356402, 2.361280, 2.693356, 0
-0.033014, 12.348845, 2.361280, 2.770304, 0
-0.018637, 12.348114, 2.361280, 2.731830, 0
-0.004210, 12.347384, 2.361280, 2.693356, 0
-0.030117, 12.388278, 2.361280, 2.770304, 0
-0.016995, 12.387686, 2.361280, 2.731830, 0
-0.003838, 12.387093, 2.361280, 2.693356, 0
-0.030672, 12.380034, 2.361280, 2.770304, 0
-0.017310, 12.379406, 2.361280, 2.731830, 0
-0.003909, 12.378778, 2.361280, 2.693356, 0
-0.031255, 12.371789, 2.361280, 2.770304, 0
-0.017641, 12.371127, 2.361280, 2.731830, 0
-0.003985, 12.370464, 2.361280, 2.693356, 0
-0.028943, 12.408043, 2.361280, 2.770304, 0
-0.016325, 12.407562, 2.361280, 2.731830, 0
-0.003686, 12.407081, 2.361280, 2.693356, 0
-0.029387, 12.400463, 2.361280, 2.770304, 0
-0.016578, 12.399938, 2.361280, 2.731830, 0
-0.003743, 12.399413, 2.361280, 2.693356, 0
-0.029804, 12.392883, 2.361280, 2.770304, 0
-0.016816, 12.392314, 2.361280, 2.731830, 0
-0.003797, 12.391744, 2.361280, 2.693356, 0
-0.028136, 12.426214, 2.361280, 2.770304, 0
-0.015864, 12.425867, 2.361280, 2.731830, 0
-0.003580, 12.425520, 2.361280, 2.693356, 0
-0.028457, 12.419245, 2.361280, 2.770304, 0
-0.016047, 12.418845, 2.361280, 2.731830, 0
-0.003622, 12.418446, 2.361280, 2.693356, 0
-0.028717, 12.412276, 2.361280, 2.770304, 0
-0.016196, 12.411824, 2.361280, 2.731830, 0
-0.003656, 12.411371, 2.361280, 2.693356, 0
-0.027680, 12.442922, 2.361280, 2.770304, 0
-0.015602, 12.442729, 2.361280, 2.731830, 0
-0.003520, 12.442537, 2.361280, 2.693356, 0
-0.027876, 12.436514, 2.361280, 2.770304, 0
-0.015714, 12.436261, 2.361280, 2.731830, 0
-0.003546, 12.436008, 2.361280, 2.693356, 0
-0.027997, 12.430106, 2.361280, 2.770304, 0
-0.015784, 12.429792, 2.361280, 2.731830, 0
-0.003562, 12.429479, 2.361280, 2.693356, 0
-0.027525, 12.458285, 2.361280, 2.770304, 0
-0.015513, 12.458266, 2.361280, 2.731830, 0
-0.003499, 12.458246, 2.361280, 2.693356, 0
-0.027608, 12.452393, 2.361280, 2.770304, 0
-0.015560, 12.452305, 2.361280, 2.731830, 0
-0.003510, 12.452218, 2.361280, 2.693356, 0
-0.027619, 12.446501, 2.361280, 2.770304, 0
-0.015567, 12.446346, 2.361280, 2.731830, 0
-0.003512, 12.446190, 2.361280, 2.693356, 0
0.046018, 12.153081, 2.411520, 2.770304, 0
0.025922, 12.152665, 2.411520, 2.731830, 0
0.005842, 12.152248, 2.411520, 2.693356, 0
0.045288, 12.136913, 2.411520, 2.770304, 0
0.025512, 12.136572, 2.411520, 2.731830, 0
0.005749, 12.136231, 2.411520, 2.693356, 0
0.044694, 12.120746, 2.411520, 2.770304, 0
0.025178, 12.120480, 2.411520, 2.731830, 0
0.005674, 12.120213, 2.411520, 2.693356, 0
0.046997, 12.191832, 2.411520, 2.770304, 0
0.026478, 12.191264, 2.411520, 2.731830, 0
0.005968, 12.190696, 2.411520, 2.693356, 0
0.046572, 12.176971, 2.411520, 2.770304, 0
0.026238, 12.176460, 2.411520, 2.731830, 0
0.005913, 12.175949, 2.411520, 2.693356, 0
0.046322, 12.162110, 2.411520, 2.770304, 0
0.026094, 12.161656, 2.411520, 2.731830, 0
0.005880, 12.161201, 2.411520, 2.693356, 0
0.046967, 12.227453, 2.411520, 2.770304, 0
0.026472, 12.226776, 2.411520, 2.731830, 0
0.005969, 12.226099, 2.411520, 2.693356, 0
0.046922, 12.213793, 2.411520, 2.770304, 0
0.026443, 12.213156, 2.411520, 2.731830, 0
0.005962, 12.212519, 2.411520, 2.693356, 0
0.047088, 12.200132, 2.411520, 2.770304, 0
0.026531, 12.199535, 2.411520, 2.731830, 0
0.005980, 12.198939, 2.411520, 2.693356, 0
0.045847, 12.260195, 2.411520, 2.770304, 0
0.025857, 12.259450, 2.411520, 2.731830, 0
0.005834, 12.258705, 2.411520, 2.693356, 0
0.046211, 12.247638, 2.411520, 2.770304, 0
0.026057, 12.246918, 2.411520, 2.731830, 0
0.005878, 12.246198, 2.411520, 2.693356, 0
0.046807, 12.235081, 2.411520, 2.770304, 0
0.026386, 12.234386, 2.411520, 2.731830, 0
0.005951, 12.233691, 2.411520, 2.693356, 0
0.043741, 12.290294, 2.411520, 2.770304, 0
0.024687, 12.289517, 2.411520, 2.731830, 0
0.005575, 12.288740, 2.411520, 2.693356, 0
0.044477, 12.278751, 2.411520, 2.770304, 0
0.025096, 12.277985, 2.411520, 2.731830, 0
0.005665, 12.277219, 2.411520, 2.693356, 0
0.045442, 12.267208, 2.411520, 2.770304, 0
0.025633, 12.266453, 2.411520, 2.731830, 0
0.005785, 12.265697, 2.411520, 2.693356, 0
0.040928, 12.317962, 2.411520, 2.770304, 0
0.023115, 12.317187, 2.411520, 2.731830, 0
0.005223, 12.316412, 2.411520, 2.693356, 0
0.041932, 12.307351, 2.411520, 2.770304, 0
0.023676, 12.306574, 2.411520, 2.731830, 0
0.005349, 12.305797, 2.411520, 2.693356, 0
0.043136, 12.296740, 2.411520, 2.770304, 0
0.024350, 12.295961, 2.411520, 2.731830, 0
0.005499, 12.295181, 2.411520, 2.693356, 0
0.037789, 12.343397, 2.411520, 2.770304, 0
0.021351, 12.342655, 2.411520, 2.731830, 0
0.004827, 12.341913, 2.411520, 2.693356, 0
0.038920, 12.333642, 2.411520, 2.770304, 0
0.021986, 12.332886, 2.411520, 2.731830, 0
0.004970, 12.332131, 2.411520, 2.693356, 0
0.040203, 12.323888, 2.411520, 2.770304, 0
0.022708, 12.323118, 2.411520, 2.731830, 0
0.005132, 12.322348, 2.411520, 2.693356, 0
0.034708, 12.366781, 2.411520, 2.770304, 0
0.019611, 12.366100, 2.411520, 2.731830, 0
0.004434, 12.365420, 2.411520, 2.693356, 0
0.035825, 12.357813, 2.411520, 2.770304, 0
0.020242, 12.357107, 2.411520, 2.731830, 0
0.004577, 12.356402, 2.411520, 2.693356, 0
0.037039, 12.348845, 2.411520, 2.770304, 0
0.020928, 12.348114, 2.411520, 2.731830, 0
0.004732, 12.347384, 2.411520, 2.693356, 0
0.031996, 12.388278, 2.411520, 2.770304, 0
0.018073, 12.387686, 2.411520, 2.731830, 0
0.004085, 12.387093, 2.411520, 2.693356, 0
0.032985, 12.380034, 2.411520, 2.770304, 0
0.018634, 12.379406, 2.411520, 2.731830, 0
0.004212, 12.378778, 2.411520, 2.693356, 0
0.034018, 12.371789, 2.411520, 2.770304, 0
0.019220, 12.371127, 2.411520, 2.731830, 0
0.004345, 12.370464, 2.411520, 2.693356, 0
0.029852, 12.408043, 2.411520, 2.770304, 0
0.016850, 12.407562, 2.411520, 2.731830, 0
0.003807, 12.407081, 2.411520, 2.693356, 0
0.030635, 12.400463, 2.411520, 2.770304, 0
0.017297, 12.399938, 2.411520, 2.731830, 0
0.003908, 12.399413, 2.411520, 2.693356, 0
0.031425, 12.392883, 2.411520, 2.770304, 0
0.017748, 12.392314, 2.411520, 2.731830, 0
0.004011, 12.391744, 2.411520, 2.693356, 0
0.028354, 12.426214, 2.411520, 2.770304, 0
0.015994, 12.425867, 2.411520, 2.731830, 0
0.003611, 12.425520, 2.411520, 2.693356, 0
0.028901, 12.419245, 2.411520, 2.770304, 0
0.016307, 12.418845, 2.411520, 2.731830, 0
0.003682, 12.418446, 2.411520, 2.693356, 0
0.029432, 12.412276, 2.411520, 2.770304, 0
0.016610, 12.411824, 2.411520, 2.731830, 0
0.003752, 12.411371, 2.411520, 2.693356, 0
0.027488, 12.442922, 2.411520, 2.770304, 0
0.015497, 12.442729, 2.411520, 2.731830, 0
0.003497, 12.442537, 2.411520, 2.693356, 0
0.027803, 12.436514, 2.411520, 2.770304, 0
0.015678, 12.436261, 2.411520, 2.731830, 0
0.003538, 12.436008, 2.411520, 2.693356, 0
0.028090, 12.430106, 2.411520, 2.770304, 0
0.015843, 12.429792, 2.411520, 2.731830, 0
0.003576, 12.429479, 2.411520, 2.693356, 0
0.027189, 12.458285, 2.411520, 2.770304, 0
0.015324, 12.458266, 2.411520, 2.731830, 0
0.003457, 12.458246, 2.411520, 2.693356, 0
0.027293, 12.452393, 2.411520, 2.770304, 0
0.015384, 12.452305, 2.411520, 2.731830, 0
0.003471, 12.452218, 2.411520, 2.693356, 0
0.027369, 12.446501, 2.411520, 2.770304, 0
0.015428, 12.446346, 2.411520, 2.731830, 0
0.003481, 12.446190, 2.411520, 2.693356, 0
