nan,12,10,8,6,4,2,0
2.000000,0.000000,0.000000,0.000000,0.000000,0.000000,0.000000,0.000000
1.900000,0.000000,0.000000,0.000000,0.000000,0.000000,0.000000,0.000000
1.800000,0.000000,0.000000,0.000000,0.000000,0.000000,0.000000,0.000000
1.700000,0.000000,0.000000,0.000000,0.000000,0.000000,0.000000,0.000000
1.600000,0.000000,0.000000,0.000000,0.000000,0.000000,0.000000,0.000000
1.500000,0.000000,0.000000,0.000000,0.000000,0.000000,0.000000,0.000000
1.400000,0.000000,0.000000,0.000000,0.000000,0.000000,0.000000,0.000000
1.300000,0.000000,0.000000,0.000000,0.000000,0.000000,0.000000,0.000000
1.200000,0.000000,0.000000,0.000000,0.000000,0.000000,0.000000,0.000000
1.100000,0.000000,0.000000,0.000000,0.000000,0.000000,0.000000,0.000000
1.000000,0.000000,0.000000,0.000000,0.000000,0.000000,0.000000,0.000000
0.900000,0.000000,0.000000,0.000000,0.000000,0.000000,0.000000,0.000000
0.800000,0.000000,0.000000,0.000000,0.000000,0.000000,0.000000,0.000000
0.700000,0.000000,0.000000,0.000000,0.000000,0.000000,0.000000,0.000000
0.600000,0.000000,0.000000,0.000000,0.000000,0.000000,0.000000,0.000000
0.500000,0.000000,0.000000,0.000000,0.000000,0.000000,0.000000,0.000000
0.400000,0.000000,0.000000,0.000000,0.000000,0.000000,0.000000,0.000000
0.300000,0.000000,0.000000,0.000000,0.000000,0.000000,0.000000,0.000000
0.200000,0.000000,0.000000,0.000000,0.000000,0.000000,0.000000,0.000000
0.100000,0.000000,0.000000,0.000000,0.000000,0.000000,0.000000,0.000000
0.000000,0.000000,0.000000,0.000000,0.000000,0.000000,0.000000,0.000000